# dag  regime      5%     95%
    1  -87.62 -134.55  -40.68
    2  -86.52 -129.04  -43.99
    3  -86.98 -124.41  -49.55
    4  -84.15 -124.28  -44.02
    5  -85.65 -122.47  -48.84
    6  -89.49 -119.71  -59.28
    7  -91.55 -119.57  -63.53
    8  -93.84 -118.27  -69.41
    9  -94.84 -121.39  -68.29
   10  -93.63 -125.66  -61.61
   11  -96.13 -121.07  -71.20
   12  -96.66 -121.99  -71.32
   13  -97.04 -124.43  -69.65
   14  -97.60 -125.52  -69.68
   15  -98.40 -129.99  -66.81
   16  -99.14 -128.06  -70.21
   17  -97.66 -136.85  -58.47
   18  -94.07 -132.35  -55.78
   19  -93.70 -129.43  -57.97
   20  -92.77 -140.05  -45.50
   21  -92.13 -134.64  -49.61
   22  -92.75 -129.46  -56.05
   23  -93.34 -128.30  -58.37
   24  -92.64 -126.59  -58.68
   25  -90.80 -133.56  -48.04
   26  -93.54 -131.25  -55.83
   27  -92.42 -132.22  -52.61
   28  -93.29 -128.43  -58.15
   29  -95.62 -124.95  -66.29
   30  -95.30 -128.11  -62.49
   31  -96.17 -133.60  -58.74
   32  -97.31 -129.06  -65.56
   33  -96.66 -126.56  -66.76
   34  -97.58 -124.66  -70.51
   35  -96.77 -126.71  -66.83
   36  -96.09 -131.19  -60.99
   37  -95.77 -129.62  -61.92
   38  -94.28 -131.74  -56.82
   39  -97.22 -128.14  -66.30
   40  -95.11 -129.14  -61.08
   41  -96.24 -128.92  -63.55
   42  -94.74 -126.38  -63.09
   43  -97.72 -125.74  -69.70
   44  -99.89 -125.54  -74.25
   45 -100.07 -123.13  -77.02
   46  -99.99 -123.24  -76.74
   47 -102.08 -124.23  -79.93
   48 -101.65 -127.58  -75.73
   49 -102.09 -130.26  -73.92
   50 -103.49 -129.13  -77.84
   51 -104.79 -125.89  -83.69
   52 -104.35 -130.20  -78.50
   53 -105.48 -129.74  -81.22
   54 -105.97 -127.79  -84.16
   55 -104.28 -133.83  -74.72
   56 -103.02 -136.26  -69.78
   57 -103.03 -131.75  -74.31
   58 -101.96 -130.62  -73.30
   59  -98.54 -133.64  -63.44
   60  -94.45 -133.84  -55.05
   61  -94.62 -133.79  -55.44
   62  -98.22 -131.23  -65.20
   63  -99.55 -130.45  -68.66
   64  -98.56 -131.96  -65.15
   65  -98.49 -138.61  -58.37
   66  -98.47 -136.29  -60.65
   67 -100.23 -134.28  -66.19
   68 -100.29 -129.50  -71.08
   69  -99.57 -136.94  -62.19
   70  -99.26 -145.63  -52.89
   71 -100.35 -141.77  -58.94
   72 -102.24 -139.59  -64.89
   73 -103.68 -135.71  -71.64
   74 -105.03 -133.15  -76.91
   75 -106.07 -128.80  -83.34
   76 -104.33 -128.63  -80.04
   77 -103.66 -130.31  -77.02
   78 -103.24 -131.18  -75.30
   79 -103.31 -136.91  -69.71
   80 -104.82 -136.31  -73.33
   81 -104.30 -137.41  -71.19
   82 -102.91 -136.26  -69.56
   83 -102.60 -137.52  -67.68
   84 -102.52 -134.94  -70.11
   85 -103.94 -135.58  -72.31
   86 -103.26 -135.32  -71.20
   87 -104.34 -134.38  -74.29
   88 -106.26 -138.28  -74.24
   89 -108.20 -139.92  -76.47
   90 -109.06 -138.60  -79.52
   91 -110.11 -141.08  -79.15
   92 -111.30 -138.23  -84.37
   93 -110.15 -137.20  -83.10
   94 -109.81 -137.35  -82.27
   95 -108.96 -138.62  -79.30
   96 -108.52 -139.58  -77.46
   97 -109.13 -140.70  -77.55
   98 -111.55 -138.68  -84.43
   99 -111.97 -139.48  -84.46
  100 -113.78 -138.80  -88.77
  101 -114.43 -139.53  -89.32
  102 -114.62 -140.73  -88.52
  103 -114.99 -141.65  -88.32
  104 -114.33 -143.18  -85.47
  105 -115.84 -142.36  -89.32
  106 -116.50 -142.27  -90.73
  107 -115.10 -142.67  -87.54
  108 -116.66 -142.14  -91.17
  109 -118.06 -140.95  -95.16
  110 -119.02 -144.72  -93.33
  111 -120.51 -143.95  -97.07
  112 -120.93 -147.82  -94.04
  113 -122.69 -146.18  -99.20
  114 -122.05 -147.52  -96.58
  115 -118.15 -151.79  -84.50
  116 -118.17 -151.19  -85.15
  117 -117.00 -148.68  -85.32
  118 -117.36 -148.65  -86.08
  119 -119.25 -146.59  -91.90
  120 -117.57 -150.55  -84.59
  121 -117.93 -151.27  -84.59
  122 -118.65 -152.19  -85.11
  123 -119.87 -151.39  -88.36
  124 -120.18 -153.86  -86.50
  125 -118.52 -149.77  -87.27
  126 -118.70 -148.31  -89.09
  127 -119.91 -147.41  -92.41
  128 -120.61 -152.30  -88.93
  129 -121.50 -151.49  -91.51
  130 -121.33 -155.01  -87.64
  131 -122.17 -158.85  -85.49
  132 -123.53 -156.81  -90.24
  133 -123.78 -158.70  -88.86
  134 -119.14 -169.25  -69.03
  135 -120.57 -161.99  -79.15
  136 -119.30 -161.35  -77.25
  137 -118.75 -155.51  -81.99
  138 -118.86 -157.73  -79.99
  139 -119.10 -158.34  -79.86
  140 -116.23 -166.66  -65.79
  141 -117.53 -163.58  -71.48
  142 -117.95 -162.88  -73.03
  143 -119.61 -161.19  -78.03
  144 -119.23 -160.79  -77.68
  145 -117.34 -165.82  -68.87
  146 -117.07 -160.49  -73.65
  147 -117.49 -162.26  -72.72
  148 -119.23 -161.71  -76.75
  149 -122.27 -156.58  -87.96
  150 -121.77 -152.52  -91.02
  151 -123.92 -154.66  -93.17
  152 -121.95 -154.15  -89.76
  153 -118.58 -150.16  -87.00
  154 -112.96 -152.12  -73.79
  155 -114.73 -153.93  -75.53
  156 -117.16 -159.39  -74.92
  157 -111.85 -157.49  -66.21
  158 -110.87 -154.76  -66.98
  159 -112.70 -157.84  -67.56
  160 -114.85 -159.32  -70.37
  161 -115.75 -158.98  -72.52
  162 -118.21 -156.29  -80.13
  163 -119.30 -155.66  -82.94
  164 -119.04 -153.98  -84.10
  165 -118.88 -154.11  -83.65
  166 -119.54 -153.41  -85.66
  167 -120.27 -157.55  -82.99
  168 -121.05 -154.85  -87.26
  169 -121.24 -155.31  -87.17
  170 -121.40 -155.97  -86.84
  171 -121.77 -152.42  -91.12
  172 -119.59 -153.88  -85.30
  173 -117.25 -154.47  -80.03
  174 -115.54 -165.44  -65.64
  175 -115.44 -163.30  -67.57
  176 -115.87 -165.48  -66.27
  177 -114.87 -167.69  -62.06
  178 -116.94 -161.66  -72.22
  179 -111.36 -162.70  -60.02
  180 -112.32 -156.68  -67.96
  181 -111.32 -163.00  -59.64
  182 -114.48 -159.87  -69.09
  183 -115.90 -155.41  -76.39
  184 -116.42 -154.90  -77.94
  185 -114.58 -157.05  -72.11
  186 -116.56 -156.55  -76.57
  187 -114.35 -162.66  -66.03
  188 -113.23 -157.82  -68.65
  189 -113.59 -153.67  -73.51
  190 -113.12 -156.14  -70.10
  191 -113.37 -154.00  -72.75
  192 -114.45 -156.11  -72.80
  193 -114.42 -161.09  -67.76
  194 -113.21 -167.09  -59.33
  195 -115.08 -164.24  -65.93
  196 -115.55 -163.41  -67.69
  197 -112.94 -160.55  -65.33
  198 -113.05 -157.97  -68.13
  199 -114.60 -162.24  -66.96
  200 -115.06 -161.10  -69.02
  201 -116.51 -159.49  -73.52
  202 -116.25 -153.92  -78.58
  203 -116.53 -158.12  -74.95
  204 -115.33 -153.20  -77.45
  205 -114.82 -153.53  -76.11
  206 -117.78 -155.33  -80.23
  207 -113.58 -164.20  -62.96
  208 -116.46 -156.14  -76.77
  209 -118.32 -155.11  -81.54
  210 -114.35 -160.52  -68.18
  211 -116.18 -159.27  -73.08
  212 -115.78 -157.78  -73.78
  213 -119.63 -154.73  -84.53
  214 -122.55 -155.38  -89.71
  215 -123.28 -158.25  -88.32
  216 -120.43 -160.95  -79.92
  217 -122.02 -160.62  -83.42
  218 -122.66 -158.54  -86.79
  219 -120.47 -160.84  -80.09
  220 -121.75 -158.25  -85.26
  221 -119.58 -157.47  -81.69
  222 -118.34 -153.58  -83.09
  223 -115.83 -164.44  -67.22
  224 -118.12 -166.81  -69.43
  225 -117.93 -162.55  -73.30
  226 -119.39 -155.87  -82.90
  227 -120.73 -155.36  -86.09
  228 -120.68 -151.56  -89.79
  229 -120.43 -155.32  -85.54
  230 -119.83 -154.59  -85.07
  231 -112.23 -163.60  -60.86
  232 -108.93 -162.34  -55.52
  233 -107.14 -164.44  -49.83
  234 -109.67 -159.88  -59.47
  235 -111.42 -158.87  -63.97
  236 -109.46 -154.49  -64.42
  237 -110.51 -151.75  -69.27
  238 -106.81 -146.39  -67.23
  239 -105.42 -155.56  -55.29
  240 -107.45 -154.06  -60.84
  241 -109.26 -150.43  -68.08
  242 -111.08 -147.06  -75.09
  243 -111.63 -143.83  -79.43
  244 -110.81 -141.92  -79.70
  245 -103.57 -146.88  -60.26
  246 -104.45 -150.99  -57.92
  247 -106.79 -146.35  -67.23
  248 -110.06 -144.06  -76.06
  249 -110.20 -142.36  -78.03
  250 -106.93 -149.98  -63.88
  251 -106.75 -149.76  -63.74
  252 -106.43 -148.13  -64.72
  253 -108.76 -146.30  -71.21
  254 -108.31 -141.42  -75.21
  255 -104.97 -141.99  -67.95
  256 -103.08 -146.24  -59.92
  257  -98.43 -152.36  -44.50
  258  -99.83 -151.02  -48.63
  259 -100.74 -147.96  -53.51
  260 -104.97 -143.68  -66.26
  261 -106.06 -140.50  -71.62
  262 -105.56 -140.78  -70.34
  263 -106.60 -143.48  -69.72
  264 -105.48 -153.01  -57.95
  265 -106.46 -147.23  -65.70
  266 -106.67 -144.55  -68.80
  267 -105.10 -147.68  -62.53
  268 -103.97 -145.03  -62.91
  269 -103.22 -148.12  -58.32
  270 -103.19 -144.45  -61.94
  271 -101.59 -142.95  -60.24
  272 -100.09 -141.37  -58.80
  273  -98.72 -139.13  -58.31
  274  -99.33 -139.49  -59.17
  275  -98.59 -147.19  -49.99
  276 -102.34 -140.83  -63.86
  277 -100.45 -145.56  -55.34
  278  -97.18 -135.73  -58.64
  279  -93.31 -128.49  -58.13
  280  -91.21 -130.30  -52.12
  281  -92.07 -134.20  -49.93
  282  -94.28 -133.69  -54.87
  283  -96.94 -132.60  -61.29
  284  -98.21 -134.21  -62.20
  285  -99.68 -134.37  -64.99
  286 -101.02 -135.52  -66.51
  287 -100.98 -136.93  -65.02
  288 -103.56 -132.21  -74.90
  289 -104.37 -130.44  -78.30
  290 -105.37 -128.49  -82.26
  291 -103.99 -127.16  -80.82
  292 -101.84 -131.57  -72.11
  293 -101.18 -129.24  -73.11
  294 -103.09 -127.50  -78.69
  295  -98.89 -130.90  -66.88
  296  -98.19 -132.94  -63.43
  297  -97.52 -135.68  -59.36
  298  -97.38 -133.16  -61.59
  299  -96.23 -139.19  -53.27
  300  -96.23 -138.93  -53.53
  301  -95.51 -136.50  -54.52
  302  -95.45 -140.28  -50.62
  303  -96.35 -139.21  -53.49
  304  -96.25 -133.66  -58.84
  305  -95.57 -128.37  -62.76
  306  -96.81 -128.03  -65.59
  307  -99.36 -127.10  -71.63
  308  -99.19 -127.24  -71.14
  309  -99.26 -126.70  -71.82
  310  -97.54 -129.61  -65.47
  311  -96.67 -135.88  -57.45
  312  -95.48 -135.62  -55.35
  313  -90.68 -135.37  -45.98
  314  -87.46 -134.36  -40.55
  315  -88.24 -131.89  -44.58
  316  -90.48 -127.07  -53.89
  317  -91.24 -124.22  -58.26
  318  -92.95 -123.22  -62.69
  319  -93.79 -119.82  -67.75
  320  -92.33 -121.36  -63.30
  321  -88.96 -120.24  -57.68
  322  -89.02 -123.92  -54.11
  323  -90.31 -123.44  -57.18
  324  -90.62 -121.58  -59.66
  325  -88.74 -124.34  -53.14
  326  -87.68 -127.99  -47.36
  327  -90.07 -125.72  -54.42
  328  -90.30 -121.09  -59.52
  329  -90.18 -117.50  -62.86
  330  -90.29 -122.72  -57.86
  331  -92.71 -121.51  -63.90
  332  -94.94 -121.22  -68.66
  333  -96.58 -122.41  -70.75
  334  -98.44 -120.21  -76.68
  335  -98.50 -123.84  -73.16
  336  -97.67 -128.18  -67.17
  337  -97.32 -125.91  -68.73
  338  -96.19 -125.61  -66.78
  339  -95.30 -128.47  -62.13
  340  -95.07 -132.51  -57.64
  341  -95.23 -131.95  -58.51
  342  -95.09 -130.89  -59.28
  343  -94.89 -129.26  -60.53
  344  -93.46 -130.40  -56.52
  345  -93.54 -129.41  -57.68
  346  -90.66 -133.55  -47.76
  347  -92.20 -132.09  -52.31
  348  -92.13 -131.77  -52.49
  349  -92.93 -127.04  -58.82
  350  -92.40 -122.00  -62.79
  351  -91.81 -120.59  -63.03
  352  -89.12 -123.60  -54.64
  353  -87.71 -126.70  -48.71
  354  -88.64 -127.41  -49.88
  355  -90.18 -121.21  -59.14
  356  -93.33 -119.48  -67.19
  357  -93.39 -118.16  -68.63
  358  -92.16 -121.96  -62.36
  359  -91.84 -121.41  -62.27
  360  -91.88 -126.24  -57.51
  361  -90.74 -127.87  -53.61
  362  -91.15 -128.83  -53.46
  363  -90.79 -134.44  -47.13
  364  -92.29 -132.01  -52.57
  365  -91.50 -134.09  -48.90
