# dag  regime      5%     95%
    1    2.91   -2.48    8.30
    2    3.04   -1.84    7.93
    3    2.99   -1.29    7.28
    4    3.32   -1.30    7.93
    5    3.14   -1.09    7.37
    6    2.71   -0.78    6.20
    7    2.47   -0.76    5.69
    8    2.21   -0.61    5.03
    9    2.09   -0.97    5.15
   10    2.23   -1.45    5.91
   11    1.94   -0.93    4.81
   12    1.87   -1.04    4.78
   13    1.85   -1.28    4.98
   14    1.78   -1.41    4.97
   15    1.69   -1.93    5.30
   16    1.61   -1.69    4.91
   17    1.78   -2.72    6.27
   18    2.19   -2.21    6.58
   19    2.22   -1.86    6.30
   20    2.36   -3.37    8.10
   21    2.41   -2.46    7.29
   22    2.33   -1.89    6.55
   23    2.26   -1.74    6.25
   24    2.34   -1.55    6.23
   25    2.55   -2.36    7.45
   26    2.23   -2.10    6.56
   27    2.36   -2.22    6.94
   28    2.27   -1.77    6.30
   29    2.00   -1.36    5.37
   30    2.04   -1.70    5.78
   31    1.96   -2.33    6.25
   32    1.82   -1.79    5.43
   33    1.90   -1.51    5.31
   34    1.79   -1.29    4.87
   35    1.87   -1.53    5.27
   36    1.95   -2.04    5.95
   37    1.99   -1.87    5.85
   38    2.17   -2.10    6.44
   39    1.83   -1.69    5.35
   40    2.07   -1.81    5.95
   41    1.94   -1.79    5.66
   42    2.12   -1.47    5.70
   43    1.77   -1.40    4.95
   44    1.54   -1.35    4.42
   45    1.53   -1.02    4.08
   46    1.55   -1.01    4.11
   47    1.32   -1.05    3.69
   48    1.38   -1.42    4.17
   49    1.36   -1.70    4.41
   50    1.19   -1.59    3.97
   51    1.03   -1.24    3.30
   52    1.10   -1.71    3.91
   53    0.98   -1.63    3.58
   54    0.93   -1.36    3.22
   55    1.10   -2.15    4.34
   56    1.27   -2.36    4.89
   57    1.24   -1.90    4.37
   58    1.34   -1.80    4.48
   59    1.74   -2.17    5.64
   60    2.18   -2.23    6.58
   61    2.18   -2.18    6.54
   62    1.75   -1.94    5.44
   63    1.61   -1.81    5.02
   64    1.72   -1.99    5.43
   65    1.73   -2.76    6.22
   66    1.75   -2.45    5.96
   67    1.56   -2.15    5.27
   68    1.58   -1.52    4.67
   69    1.69   -2.36    5.74
   70    1.76   -3.30    6.82
   71    1.64   -2.82    6.10
   72    1.39   -2.66    5.44
   73    1.24   -2.18    4.65
   74    1.11   -1.76    3.98
   75    0.97   -1.34    3.28
   76    1.16   -1.26    3.58
   77    1.21   -1.60    4.02
   78    1.27   -1.64    4.18
   79    1.34   -2.14    4.83
   80    1.18   -2.03    4.39
   81    1.25   -2.14    4.65
   82    1.35   -2.14    4.84
   83    1.43   -2.16    5.01
   84    1.45   -1.76    4.67
   85    1.31   -1.77    4.39
   86    1.40   -1.65    4.45
   87    1.32   -1.46    4.09
   88    1.16   -1.84    4.15
   89    1.02   -1.82    3.86
   90    0.90   -1.74    3.54
   91    0.84   -1.94    3.62
   92    0.72   -1.57    3.01
   93    0.74   -1.69    3.17
   94    0.81   -1.55    3.17
   95    0.95   -1.59    3.49
   96    0.96   -1.85    3.77
   97    0.93   -1.91    3.76
   98    0.71   -1.54    2.97
   99    0.67   -1.64    2.97
  100    0.55   -1.36    2.46
  101    0.53   -1.36    2.41
  102    0.54   -1.41    2.49
  103    0.53   -1.38    2.45
  104    0.62   -1.32    2.56
  105    0.49   -1.10    2.07
  106    0.45   -0.93    1.84
  107    0.55   -1.12    2.22
  108    0.42   -1.11    1.96
  109    0.31   -0.82    1.44
  110    0.28   -1.40    1.96
  111    0.24   -1.05    1.53
  112    0.29   -1.53    2.11
  113    0.23   -1.02    1.48
  114    0.28   -1.04    1.60
  115    0.58   -1.77    2.93
  116    0.57   -1.60    2.74
  117    0.56   -1.64    2.75
  118    0.49   -1.67    2.66
  119    0.35   -1.19    1.90
  120    0.55   -1.84    2.93
  121    0.59   -1.69    2.86
  122    0.55   -1.55    2.65
  123    0.41   -1.44    2.26
  124    0.45   -1.63    2.53
  125    0.47   -1.38    2.32
  126    0.44   -1.31    2.19
  127    0.34   -0.97    1.65
  128    0.40   -1.71    2.51
  129    0.38   -1.31    2.06
  130    0.49   -1.43    2.41
  131    0.53   -1.68    2.73
  132    0.40   -1.23    2.03
  133    0.40   -1.57    2.37
  134    0.79   -3.24    4.81
  135    0.60   -2.41    3.61
  136    0.64   -2.51    3.79
  137    0.58   -1.76    2.93
  138    0.69   -1.62    3.00
  139    0.65   -1.90    3.20
  140    1.08   -2.67    4.83
  141    0.86   -2.50    4.22
  142    0.89   -2.15    3.92
  143    0.75   -1.80    3.30
  144    0.73   -1.92    3.38
  145    0.94   -2.67    4.55
  146    0.83   -2.08    3.73
  147    0.80   -2.48    4.08
  148    0.74   -2.15    3.62
  149    0.48   -1.54    2.49
  150    0.38   -1.04    1.79
  151    0.32   -1.06    1.69
  152    0.44   -1.34    2.21
  153    0.46   -1.47    2.39
  154    0.91   -1.82    3.64
  155    0.76   -2.11    3.62
  156    0.65   -2.69    3.99
  157    1.07   -2.67    4.82
  158    1.18   -2.18    4.53
  159    1.10   -2.29    4.48
  160    0.97   -2.23    4.17
  161    0.85   -2.42    4.13
  162    0.64   -2.01    3.29
  163    0.60   -1.65    2.85
  164    0.57   -1.57    2.72
  165    0.57   -1.63    2.78
  166    0.53   -1.46    2.52
  167    0.55   -1.87    2.98
  168    0.46   -1.25    2.17
  169    0.41   -1.51    2.33
  170    0.41   -1.57    2.40
  171    0.35   -1.41    2.11
  172    0.52   -1.64    2.68
  173    0.70   -1.98    3.38
  174    1.02   -3.06    5.10
  175    1.03   -2.68    4.75
  176    1.07   -2.69    4.83
  177    1.15   -3.05    5.35
  178    0.88   -2.26    4.02
  179    1.37   -2.27    5.01
  180    1.12   -1.82    4.06
  181    1.28   -2.57    5.13
  182    0.95   -1.93    3.84
  183    0.71   -1.73    3.15
  184    0.68   -1.84    3.19
  185    0.84   -2.34    4.02
  186    0.71   -2.14    3.56
  187    0.99   -2.80    4.79
  188    1.04   -2.25    4.34
  189    0.94   -1.92    3.81
  190    1.00   -2.27    4.27
  191    0.95   -2.01    3.90
  192    0.97   -1.85    3.79
  193    1.03   -2.47    4.53
  194    1.26   -3.02    5.54
  195    1.09   -2.56    4.73
  196    1.04   -2.42    4.50
  197    1.10   -2.62    4.82
  198    1.03   -2.41    4.48
  199    0.96   -2.87    4.80
  200    0.97   -2.59    4.53
  201    0.82   -2.19    3.84
  202    0.74   -1.70    3.18
  203    0.76   -2.42    3.94
  204    0.73   -2.21    3.67
  205    0.78   -2.44    4.00
  206    0.70   -2.11    3.51
  207    1.09   -3.27    5.45
  208    0.75   -2.32    3.82
  209    0.64   -1.93    3.21
  210    1.00   -2.72    4.73
  211    0.84   -2.54    4.22
  212    0.85   -2.31    4.01
  213    0.57   -1.63    2.76
  214    0.41   -1.37    2.18
  215    0.44   -1.55    2.43
  216    0.66   -2.06    3.39
  217    0.62   -1.79    3.04
  218    0.50   -1.61    2.62
  219    0.70   -1.76    3.15
  220    0.56   -1.22    2.34
  221    0.63   -1.58    2.83
  222    0.62   -1.29    2.53
  223    0.86   -3.17    4.89
  224    0.68   -3.57    4.93
  225    0.72   -2.84    4.27
  226    0.53   -2.08    3.14
  227    0.46   -1.98    2.89
  228    0.41   -1.40    2.22
  229    0.52   -1.79    2.82
  230    0.56   -1.72    2.85
  231    1.17   -3.31    5.64
  232    1.44   -3.20    6.07
  233    1.53   -3.76    6.82
  234    1.25   -3.31    5.80
  235    1.03   -3.30    5.37
  236    1.19   -2.77    5.14
  237    1.03   -2.57    4.62
  238    1.27   -2.19    4.72
  239    1.48   -3.36    6.32
  240    1.31   -3.04    5.67
  241    1.12   -2.54    4.78
  242    0.92   -2.12    3.95
  243    0.80   -1.84    3.45
  244    0.86   -1.54    3.25
  245    1.61   -2.24    5.46
  246    1.57   -2.69    5.82
  247    1.28   -2.13    4.68
  248    0.95   -1.82    3.72
  249    0.92   -1.63    3.47
  250    1.30   -2.59    5.19
  251    1.31   -2.64    5.26
  252    1.36   -2.38    5.10
  253    1.10   -2.14    4.35
  254    1.10   -1.61    3.81
  255    1.42   -1.81    4.65
  256    1.64   -2.37    5.65
  257    2.09   -3.77    7.94
  258    1.88   -3.41    7.16
  259    1.80   -2.97    6.56
  260    1.35   -2.39    5.08
  261    1.18   -2.12    4.47
  262    1.26   -2.09    4.60
  263    1.20   -2.26    4.66
  264    1.32   -4.16    6.81
  265    1.11   -3.10    5.32
  266    1.08   -2.76    4.92
  267    1.32   -3.00    5.64
  268    1.45   -2.65    5.55
  269    1.51   -3.09    6.11
  270    1.48   -2.65    5.62
  271    1.62   -2.62    5.87
  272    1.79   -2.39    5.96
  273    1.91   -2.15    5.98
  274    1.82   -2.32    5.95
  275    1.89   -3.33    7.12
  276    1.48   -2.54    5.49
  277    1.68   -3.12    6.48
  278    1.95   -2.16    6.07
  279    2.29   -1.68    6.26
  280    2.55   -1.83    6.93
  281    2.48   -2.19    7.16
  282    2.27   -1.95    6.49
  283    2.01   -1.73    5.75
  284    1.88   -1.87    5.63
  285    1.73   -1.85    5.31
  286    1.57   -2.01    5.15
  287    1.59   -2.17    5.34
  288    1.32   -1.50    4.14
  289    1.21   -1.32    3.74
  290    1.06   -1.18    3.30
  291    1.18   -1.19    3.55
  292    1.41   -1.79    4.60
  293    1.47   -1.53    4.47
  294    1.20   -1.43    3.83
  295    1.72   -1.75    5.19
  296    1.79   -2.01    5.59
  297    1.86   -2.37    6.09
  298    1.88   -2.06    5.82
  299    2.00   -2.82    6.82
  300    1.96   -2.87    6.79
  301    2.06   -2.56    6.69
  302    2.08   -2.99    7.14
  303    1.96   -2.86    6.79
  304    1.97   -2.24    6.18
  305    2.02   -1.67    5.71
  306    1.89   -1.62    5.39
  307    1.62   -1.45    4.70
  308    1.63   -1.50    4.76
  309    1.60   -1.51    4.70
  310    1.80   -1.81    5.41
  311    1.91   -2.54    6.36
  312    2.03   -2.54    6.60
  313    2.58   -2.53    7.70
  314    2.97   -2.39    8.32
  315    2.87   -2.09    7.83
  316    2.61   -1.51    6.74
  317    2.54   -1.19    6.27
  318    2.31   -1.15    5.77
  319    2.22   -0.74    5.17
  320    2.38   -0.94    5.70
  321    2.77   -0.81    6.35
  322    2.76   -1.22    6.74
  323    2.62   -1.17    6.41
  324    2.59   -0.95    6.13
  325    2.79   -1.29    6.86
  326    2.91   -1.73    7.55
  327    2.64   -1.45    6.73
  328    2.60   -0.94    6.15
  329    2.63   -0.51    5.77
  330    2.61   -1.10    6.32
  331    2.32   -0.99    5.64
  332    2.07   -0.95    5.09
  333    1.88   -1.08    4.84
  334    1.68   -0.82    4.18
  335    1.68   -1.22    4.57
  336    1.76   -1.73    5.26
  337    1.80   -1.49    5.09
  338    1.94   -1.44    5.31
  339    2.04   -1.77    5.86
  340    2.06   -2.24    6.36
  341    2.05   -2.15    6.26
  342    2.05   -2.05    6.15
  343    2.09   -1.83    6.01
  344    2.25   -1.98    6.48
  345    2.25   -1.85    6.35
  346    2.58   -2.34    7.50
  347    2.40   -2.17    6.97
  348    2.41   -2.13    6.95
  349    2.31   -1.61    6.24
  350    2.37   -1.04    5.77
  351    2.43   -0.88    5.74
  352    2.74   -1.23    6.71
  353    2.91   -1.57    7.39
  354    2.80   -1.67    7.26
  355    2.62   -0.94    6.18
  356    2.27   -0.74    5.28
  357    2.26   -0.57    5.09
  358    2.40   -1.03    5.83
  359    2.44   -0.97    5.84
  360    2.43   -1.52    6.38
  361    2.56   -1.70    6.83
  362    2.52   -1.83    6.87
  363    2.56   -2.47    7.58
  364    2.38   -2.18    6.94
  365    2.47   -2.42    7.36
