# dag  regime      5%     95%
    1    2.72   -0.09    5.54
    2    2.80    0.03    5.56
    3    2.80    0.17    5.44
    4    2.96    0.32    5.60
    5    2.93    0.38    5.48
    6    2.81    0.40    5.23
    7    2.74    0.37    5.11
    8    2.63    0.35    4.91
    9    2.57    0.34    4.81
   10    2.60    0.29    4.92
   11    2.49    0.34    4.64
   12    2.43    0.23    4.64
   13    2.39    0.14    4.65
   14    2.33    0.08    4.59
   15    2.27   -0.16    4.69
   16    2.21   -0.09    4.51
   17    2.23   -0.35    4.81
   18    2.33   -0.19    4.86
   19    2.35   -0.11    4.80
   20    2.41   -0.51    5.33
   21    2.39   -0.26    5.05
   22    2.39   -0.13    4.91
   23    2.37   -0.20    4.93
   24    2.40   -0.07    4.87
   25    2.48   -0.26    5.23
   26    2.35   -0.10    4.80
   27    2.41   -0.17    4.99
   28    2.37   -0.07    4.81
   29    2.29    0.00    4.58
   30    2.29   -0.16    4.74
   31    2.25   -0.43    4.94
   32    2.18   -0.35    4.71
   33    2.18   -0.19    4.56
   34    2.14   -0.17    4.46
   35    2.16   -0.19    4.50
   36    2.19   -0.45    4.82
   37    2.19   -0.51    4.88
   38    2.24   -0.58    5.06
   39    2.12   -0.48    4.72
   40    2.21   -0.45    4.87
   41    2.17   -0.42    4.75
   42    2.21   -0.09    4.51
   43    2.09   -0.07    4.24
   44    1.99   -0.03    4.01
   45    1.96    0.08    3.83
   46    1.93    0.18    3.69
   47    1.83    0.07    3.58
   48    1.81    0.04    3.58
   49    1.78   -0.14    3.70
   50    1.69   -0.21    3.59
   51    1.60   -0.19    3.39
   52    1.60   -0.38    3.58
   53    1.50   -0.46    3.46
   54    1.45   -0.47    3.37
   55    1.48   -0.70    3.65
   56    1.50   -0.89    3.90
   57    1.48   -0.68    3.63
   58    1.51   -0.68    3.70
   59    1.65   -0.72    4.02
   60    1.83   -0.66    4.32
   61    1.86   -0.63    4.36
   62    1.75   -0.57    4.08
   63    1.70   -0.60    4.00
   64    1.75   -0.70    4.19
   65    1.76   -0.97    4.49
   66    1.77   -0.83    4.37
   67    1.71   -0.86    4.28
   68    1.70   -0.69    4.09
   69    1.72   -0.74    4.18
   70    1.74   -0.90    4.39
   71    1.69   -0.80    4.17
   72    1.60   -0.90    4.11
   73    1.54   -0.88    3.95
   74    1.46   -0.82    3.74
   75    1.39   -0.68    3.45
   76    1.44   -0.62    3.51
   77    1.44   -0.62    3.50
   78    1.44   -0.63    3.51
   79    1.44   -0.83    3.71
   80    1.35   -0.88    3.58
   81    1.37   -0.88    3.61
   82    1.41   -0.89    3.72
   83    1.43   -0.98    3.85
   84    1.44   -0.94    3.83
   85    1.40   -0.87    3.67
   86    1.42   -0.80    3.63
   87    1.39   -0.71    3.48
   88    1.31   -0.81    3.42
   89    1.22   -0.91    3.34
   90    1.12   -1.02    3.26
   91    1.07   -1.06    3.20
   92    1.00   -0.92    2.92
   93    1.01   -0.86    2.88
   94    1.01   -0.71    2.73
   95    1.03   -0.73    2.80
   96    1.03   -0.82    2.87
   97    0.99   -0.93    2.91
   98    0.88   -0.98    2.74
   99    0.83   -1.08    2.73
  100    0.75   -1.02    2.53
  101    0.70   -1.02    2.43
  102    0.66   -1.08    2.40
  103    0.64   -1.06    2.35
  104    0.67   -0.92    2.26
  105    0.62   -0.88    2.12
  106    0.58   -0.81    1.97
  107    0.57   -0.70    1.84
  108    0.51   -0.70    1.72
  109    0.46   -0.61    1.54
  110    0.43   -0.85    1.71
  111    0.36   -0.73    1.45
  112    0.33   -0.71    1.37
  113    0.26   -0.71    1.23
  114    0.29   -0.79    1.38
  115    0.37   -0.97    1.71
  116    0.39   -1.03    1.81
  117    0.38   -0.99    1.75
  118    0.37   -1.00    1.74
  119    0.29   -0.89    1.47
  120    0.35   -1.13    1.82
  121    0.37   -1.12    1.86
  122    0.37   -1.14    1.88
  123    0.33   -1.09    1.75
  124    0.32   -1.10    1.75
  125    0.33   -0.96    1.62
  126    0.33   -1.00    1.65
  127    0.29   -0.83    1.41
  128    0.31   -0.99    1.61
  129    0.26   -0.91    1.43
  130    0.27   -1.03    1.56
  131    0.28   -0.98    1.54
  132    0.23   -0.83    1.28
  133    0.24   -0.78    1.27
  134    0.37   -1.13    1.87
  135    0.32   -1.10    1.75
  136    0.32   -1.20    1.85
  137    0.32   -1.15    1.79
  138    0.31   -1.11    1.74
  139    0.35   -1.11    1.81
  140    0.48   -1.53    2.49
  141    0.44   -1.56    2.44
  142    0.44   -1.39    2.28
  143    0.44   -1.33    2.20
  144    0.44   -1.40    2.29
  145    0.54   -1.47    2.55
  146    0.52   -1.29    2.32
  147    0.52   -1.22    2.26
  148    0.50   -1.22    2.22
  149    0.39   -1.09    1.86
  150    0.28   -0.91    1.46
  151    0.26   -0.96    1.48
  152    0.29   -0.95    1.53
  153    0.29   -0.90    1.48
  154    0.29   -0.84    1.41
  155    0.28   -0.75    1.31
  156    0.28   -0.83    1.39
  157    0.38   -1.03    1.79
  158    0.47   -0.94    1.87
  159    0.49   -1.08    2.05
  160    0.48   -1.20    2.15
  161    0.47   -1.27    2.20
  162    0.42   -1.10    1.95
  163    0.40   -0.91    1.70
  164    0.38   -0.98    1.73
  165    0.37   -1.03    1.77
  166    0.35   -1.03    1.74
  167    0.37   -1.10    1.84
  168    0.32   -0.96    1.61
  169    0.31   -1.00    1.61
  170    0.28   -0.80    1.36
  171    0.25   -0.73    1.23
  172    0.28   -0.89    1.45
  173    0.34   -0.93    1.62
  174    0.48   -1.35    2.31
  175    0.53   -1.35    2.40
  176    0.59   -1.42    2.60
  177    0.66   -1.70    3.02
  178    0.59   -1.51    2.70
  179    0.72   -1.45    2.89
  180    0.67   -1.32    2.66
  181    0.71   -1.54    2.96
  182    0.64   -1.35    2.63
  183    0.59   -1.21    2.38
  184    0.52   -1.21    2.25
  185    0.57   -1.12    2.25
  186    0.51   -1.24    2.26
  187    0.54   -1.48    2.56
  188    0.54   -1.38    2.45
  189    0.56   -1.39    2.51
  190    0.61   -1.34    2.56
  191    0.58   -1.39    2.55
  192    0.58   -1.30    2.46
  193    0.62   -1.39    2.63
  194    0.71   -1.70    3.12
  195    0.69   -1.63    3.02
  196    0.71   -1.66    3.08
  197    0.70   -1.72    3.12
  198    0.71   -1.79    3.22
  199    0.74   -1.85    3.33
  200    0.76   -1.80    3.32
  201    0.70   -1.70    3.10
  202    0.65   -1.55    2.84
  203    0.64   -1.70    2.98
  204    0.61   -1.50    2.72
  205    0.60   -1.38    2.59
  206    0.56   -1.41    2.52
  207    0.69   -1.51    2.88
  208    0.60   -1.31    2.51
  209    0.55   -1.19    2.30
  210    0.68   -1.42    2.77
  211    0.61   -1.41    2.64
  212    0.59   -1.28    2.45
  213    0.48   -1.13    2.10
  214    0.41   -1.07    1.90
  215    0.40   -1.09    1.90
  216    0.44   -1.19    2.07
  217    0.43   -1.24    2.09
  218    0.39   -1.14    1.92
  219    0.48   -1.07    2.04
  220    0.44   -1.02    1.91
  221    0.47   -1.09    2.03
  222    0.43   -1.04    1.91
  223    0.51   -1.21    2.23
  224    0.49   -1.31    2.30
  225    0.51   -1.15    2.16
  226    0.44   -1.02    1.90
  227    0.42   -1.05    1.89
  228    0.35   -0.91    1.62
  229    0.34   -0.78    1.46
  230    0.35   -0.84    1.54
  231    0.56   -1.44    2.56
  232    0.67   -1.43    2.78
  233    0.77   -1.74    3.28
  234    0.73   -1.59    3.04
  235    0.71   -1.63    3.04
  236    0.74   -1.56    3.04
  237    0.70   -1.57    2.97
  238    0.73   -1.42    2.88
  239    0.78   -1.69    3.26
  240    0.77   -1.61    3.14
  241    0.74   -1.57    3.05
  242    0.70   -1.46    2.85
  243    0.63   -1.37    2.64
  244    0.64   -1.14    2.42
  245    0.93   -1.17    3.03
  246    0.96   -1.23    3.16
  247    0.89   -1.12    2.91
  248    0.81   -1.00    2.62
  249    0.75   -0.97    2.46
  250    0.88   -1.05    2.81
  251    0.90   -1.11    2.91
  252    0.94   -1.03    2.91
  253    0.88   -1.05    2.80
  254    0.87   -0.93    2.66
  255    0.97   -0.93    2.88
  256    1.09   -1.10    3.28
  257    1.23   -1.51    3.97
  258    1.24   -1.58    4.06
  259    1.25   -1.49    3.99
  260    1.14   -1.38    3.66
  261    1.09   -1.37    3.55
  262    1.08   -1.30    3.47
  263    1.07   -1.34    3.49
  264    1.15   -1.95    4.24
  265    1.02   -1.33    3.36
  266    1.00   -1.31    3.31
  267    1.08   -1.37    3.52
  268    1.13   -1.27    3.53
  269    1.20   -1.54    3.93
  270    1.22   -1.43    3.86
  271    1.27   -1.33    3.88
  272    1.33   -1.28    3.94
  273    1.42   -1.18    4.02
  274    1.43   -1.25    4.12
  275    1.50   -1.58    4.59
  276    1.35   -1.26    3.96
  277    1.45   -1.36    4.26
  278    1.56   -1.11    4.23
  279    1.72   -0.66    4.11
  280    1.86   -0.49    4.21
  281    1.91   -0.65    4.47
  282    1.87   -0.61    4.35
  283    1.81   -0.60    4.22
  284    1.78   -0.73    4.29
  285    1.73   -0.61    4.07
  286    1.68   -0.69    4.05
  287    1.69   -0.63    4.01
  288    1.56   -0.57    3.68
  289    1.52   -0.48    3.51
  290    1.44   -0.40    3.28
  291    1.45   -0.29    3.19
  292    1.51   -0.30    3.33
  293    1.55   -0.30    3.40
  294    1.46   -0.30    3.22
  295    1.62   -0.32    3.56
  296    1.68   -0.32    3.68
  297    1.72   -0.48    3.93
  298    1.74   -0.50    3.98
  299    1.81   -0.77    4.38
  300    1.81   -0.68    4.29
  301    1.83   -0.58    4.24
  302    1.88   -0.76    4.51
  303    1.85   -0.75    4.45
  304    1.87   -0.64    4.39
  305    1.93   -0.45    4.32
  306    1.90   -0.49    4.28
  307    1.79   -0.49    4.07
  308    1.81   -0.38    4.00
  309    1.80   -0.31    3.91
  310    1.88   -0.33    4.09
  311    1.91   -0.54    4.36
  312    1.96   -0.57    4.50
  313    2.20   -0.51    4.91
  314    2.37   -0.51    5.25
  315    2.40   -0.41    5.21
  316    2.35   -0.37    5.06
  317    2.36   -0.21    4.93
  318    2.32   -0.12    4.76
  319    2.30    0.06    4.54
  320    2.36    0.11    4.61
  321    2.53    0.37    4.68
  322    2.55    0.33    4.77
  323    2.53    0.25    4.82
  324    2.54    0.35    4.72
  325    2.64    0.44    4.84
  326    2.72    0.43    5.01
  327    2.64    0.43    4.85
  328    2.64    0.56    4.73
  329    2.67    0.60    4.74
  330    2.67    0.63    4.71
  331    2.58    0.57    4.59
  332    2.48    0.48    4.49
  333    2.40    0.47    4.33
  334    2.31    0.48    4.13
  335    2.27    0.37    4.16
  336    2.26    0.18    4.33
  337    2.26    0.15    4.37
  338    2.27    0.09    4.45
  339    2.30    0.00    4.60
  340    2.31   -0.12    4.74
  341    2.28   -0.04    4.61
  342    2.29    0.04    4.53
  343    2.28    0.10    4.46
  344    2.35   -0.06    4.75
  345    2.35    0.01    4.69
  346    2.46   -0.10    5.02
  347    2.42    0.01    4.82
  348    2.42    0.02    4.83
  349    2.41    0.16    4.66
  350    2.44    0.34    4.53
  351    2.46    0.54    4.39
  352    2.60    0.50    4.70
  353    2.67    0.47    4.88
  354    2.69    0.44    4.93
  355    2.63    0.66    4.60
  356    2.52    0.65    4.39
  357    2.50    0.63    4.37
  358    2.55    0.44    4.65
  359    2.57    0.44    4.70
  360    2.57    0.39    4.75
  361    2.63    0.25    5.01
  362    2.62    0.16    5.07
  363    2.64   -0.13    5.41
  364    2.53   -0.01    5.07
  365    2.56    0.00    5.12
