# dag  regime      5%     95%
    1  -42.92  -85.64   -0.20
    2  -41.73  -84.39    0.93
    3  -41.45  -82.24   -0.66
    4  -39.21  -80.03    1.62
    5  -39.47  -79.11    0.16
    6  -41.38  -78.56   -4.21
    7  -42.60  -79.37   -5.84
    8  -44.13  -79.16   -9.11
    9  -45.07  -79.75  -10.38
   10  -44.69  -80.60   -8.78
   11  -46.49  -80.05  -12.93
   12  -47.27  -81.24  -13.30
   13  -47.96  -82.76  -13.16
   14  -48.79  -83.70  -13.88
   15  -49.82  -86.89  -12.75
   16  -50.79  -86.55  -15.02
   17  -50.74  -88.88  -12.60
   18  -48.79  -88.08   -9.50
   19  -48.53  -86.68  -10.38
   20  -48.50  -89.25   -7.74
   21  -47.89  -88.95   -6.83
   22  -48.04  -87.07   -9.01
   23  -48.34  -87.54   -9.15
   24  -47.91  -85.48  -10.34
   25  -47.28  -85.63   -8.93
   26  -48.62  -86.38  -10.87
   27  -47.90  -87.19   -8.60
   28  -48.25  -85.95  -10.55
   29  -49.61  -84.97  -14.25
   30  -49.54  -87.46  -11.61
   31  -50.38  -90.91   -9.85
   32  -51.24  -90.20  -12.28
   33  -51.07  -87.87  -14.26
   34  -51.79  -87.47  -16.11
   35  -51.51  -88.02  -15.00
   36  -51.22  -91.97  -10.47
   37  -51.15  -92.48   -9.81
   38  -50.31  -93.34   -7.28
   39  -52.05  -92.29  -11.81
   40  -51.12  -90.92  -11.33
   41  -51.75  -91.81  -11.69
   42  -50.84  -86.52  -15.16
   43  -52.63  -85.68  -19.58
   44  -54.18  -85.65  -22.70
   45  -54.66  -83.38  -25.94
   46  -54.95  -82.12  -27.79
   47  -56.59  -83.76  -29.42
   48  -56.80  -84.20  -29.41
   49  -57.49  -87.18  -27.79
   50  -58.79  -88.23  -29.35
   51  -60.13  -87.99  -32.28
   52  -60.44  -90.90  -29.99
   53  -61.65  -91.83  -31.47
   54  -62.54  -92.38  -32.70
   55  -62.04  -95.81  -28.28
   56  -61.85  -97.41  -26.29
   57  -62.06  -95.59  -28.52
   58  -61.56  -95.58  -27.54
   59  -59.46  -96.25  -22.68
   60  -56.68  -95.15  -18.20
   61  -56.16  -95.02  -17.31
   62  -57.89  -94.10  -21.67
   63  -58.53  -94.24  -22.83
   64  -57.89  -96.01  -19.76
   65  -57.70  -99.86  -15.54
   66  -57.57  -97.85  -17.29
   67  -58.58  -98.60  -18.56
   68  -58.66  -95.55  -21.78
   69  -58.27  -96.41  -20.12
   70  -58.25  -98.25  -18.24
   71  -58.89  -97.74  -20.04
   72  -60.13  -98.65  -21.60
   73  -61.26  -98.76  -23.75
   74  -62.44  -97.97  -26.92
   75  -63.54  -95.94  -31.14
   76  -62.96  -95.41  -30.50
   77  -62.83  -95.13  -30.53
   78  -62.77  -95.51  -30.03
   79  -62.98  -98.78  -27.17
   80  -64.07  -99.11  -29.02
   81  -64.02  -99.22  -28.82
   82  -63.36  -99.74  -26.98
   83  -63.20 -101.77  -24.64
   84  -63.19 -101.69  -24.68
   85  -64.11 -101.33  -26.89
   86  -63.82 -100.79  -26.85
   87  -64.57  -99.73  -29.41
   88  -65.96 -102.21  -29.71
   89  -67.50 -104.01  -30.99
   90  -68.53 -103.82  -33.23
   91  -69.73 -104.92  -34.53
   92  -71.06 -103.81  -38.30
   93  -70.99 -103.76  -38.21
   94  -71.26 -103.13  -39.39
   95  -71.14 -104.11  -38.17
   96  -71.17 -104.99  -37.35
   97  -71.78 -106.81  -36.75
   98  -73.59 -107.76  -39.41
   99  -74.33 -108.55  -40.10
  100  -75.95 -108.82  -43.08
  101  -76.97 -109.90  -44.04
  102  -77.72 -111.08  -44.37
  103  -78.54 -112.18  -44.90
  104  -78.69 -112.24  -45.14
  105  -80.11 -113.05  -47.18
  106  -81.09 -113.82  -48.36
  107  -80.80 -111.85  -49.75
  108  -82.18 -112.54  -51.83
  109  -83.59 -113.33  -53.86
  110  -84.82 -117.36  -52.27
  111  -86.39 -117.07  -55.71
  112  -87.40 -118.26  -56.54
  113  -89.23 -119.53  -58.92
  114  -89.63 -122.32  -56.94
  115  -87.87 -122.91  -52.83
  116  -88.16 -124.92  -51.40
  117  -87.68 -122.76  -52.59
  118  -88.02 -123.39  -52.66
  119  -89.36 -122.34  -56.39
  120  -88.61 -125.06  -52.15
  121  -88.98 -126.19  -51.76
  122  -89.57 -127.74  -51.41
  123  -90.55 -127.61  -53.50
  124  -91.06 -129.07  -53.04
  125  -90.32 -126.60  -54.03
  126  -90.55 -126.21  -54.89
  127  -91.44 -125.45  -57.44
  128  -92.14 -128.67  -55.62
  129  -92.99 -127.07  -58.90
  130  -93.21 -129.12  -57.30
  131  -94.04 -131.25  -56.83
  132  -95.25 -131.34  -59.16
  133  -95.86 -132.83  -58.89
  134  -93.37 -137.51  -49.23
  135  -94.25 -136.45  -52.05
  136  -93.55 -135.72  -51.38
  137  -93.17 -133.52  -52.82
  138  -93.18 -133.29  -53.08
  139  -93.27 -134.87  -51.67
  140  -91.43 -141.31  -41.55
  141  -91.96 -141.39  -42.53
  142  -92.09 -140.53  -43.64
  143  -93.02 -140.84  -45.20
  144  -92.85 -141.35  -44.35
  145  -91.68 -144.12  -39.24
  146  -91.36 -141.49  -41.23
  147  -91.46 -141.86  -41.06
  148  -92.44 -142.52  -42.35
  149  -94.41 -140.31  -48.51
  150  -94.44 -133.83  -55.04
  151  -96.06 -135.70  -56.42
  152  -95.26 -135.51  -55.02
  153  -93.35 -130.87  -55.82
  154  -89.69 -121.97  -57.42
  155  -90.19 -122.31  -58.08
  156  -91.31 -125.45  -57.17
  157  -87.81 -123.91  -51.72
  158  -86.55 -124.86  -48.24
  159  -87.04 -128.02  -46.06
  160  -87.95 -131.16  -44.73
  161  -88.31 -131.27  -45.35
  162  -89.76 -130.35  -49.17
  163  -90.56 -129.21  -51.91
  164  -90.62 -129.15  -52.09
  165  -90.69 -130.13  -51.25
  166  -91.26 -130.30  -52.22
  167  -91.91 -133.36  -50.47
  168  -92.67 -132.11  -53.22
  169  -93.09 -132.30  -53.88
  170  -93.48 -131.57  -55.39
  171  -94.00 -130.20  -57.80
  172  -92.93 -131.37  -54.50
  173  -91.52 -130.70  -52.34
  174  -90.29 -137.47  -43.12
  175  -89.93 -138.08  -41.78
  176  -89.91 -141.25  -38.57
  177  -89.07 -145.10  -33.04
  178  -90.05 -142.84  -37.26
  179  -86.46 -141.59  -31.33
  180  -86.46 -137.83  -35.09
  181  -85.38 -140.80  -29.96
  182  -86.86 -140.00  -33.72
  183  -87.58 -137.41  -37.76
  184  -87.88 -134.80  -40.96
  185  -86.73 -133.27  -40.20
  186  -87.84 -134.02  -41.66
  187  -86.48 -134.82  -38.15
  188  -85.62 -132.44  -38.81
  189  -85.60 -132.35  -38.84
  190  -85.08 -132.94  -37.22
  191  -85.03 -131.72  -38.34
  192  -85.51 -132.05  -38.97
  193  -85.43 -133.42  -37.45
  194  -84.60 -139.05  -30.16
  195  -85.60 -139.77  -31.43
  196  -85.90 -141.67  -30.13
  197  -84.33 -138.48  -30.18
  198  -84.21 -139.27  -29.15
  199  -85.00 -142.45  -27.56
  200  -85.29 -143.36  -27.23
  201  -86.24 -142.52  -29.96
  202  -86.25 -139.01  -33.49
  203  -86.56 -140.99  -32.14
  204  -85.95 -136.04  -35.85
  205  -85.64 -134.07  -37.22
  206  -87.47 -136.25  -38.70
  207  -85.09 -137.94  -32.23
  208  -86.73 -135.66  -37.80
  209  -88.03 -135.86  -40.19
  210  -85.81 -137.00  -34.62
  211  -86.86 -137.00  -36.72
  212  -86.67 -134.44  -38.90
  213  -89.14 -134.31  -43.97
  214  -91.36 -135.68  -47.05
  215  -92.44 -137.32  -47.56
  216  -91.30 -136.99  -45.60
  217  -92.63 -138.71  -46.54
  218  -93.47 -138.43  -48.52
  219  -92.56 -140.37  -44.76
  220  -93.59 -140.45  -46.73
  221  -92.56 -139.84  -45.28
  222  -91.87 -137.18  -46.55
  223  -90.28 -138.57  -41.99
  224  -91.46 -140.33  -42.58
  225  -91.30 -140.01  -42.59
  226  -92.18 -137.48  -46.88
  227  -93.14 -138.42  -47.87
  228  -93.33 -134.65  -52.01
  229  -93.37 -134.47  -52.27
  230  -93.14 -134.38  -51.91
  231  -88.44 -139.29  -37.59
  232  -85.72 -138.64  -32.80
  233  -83.83 -140.41  -27.25
  234  -84.42 -138.82  -30.02
  235  -84.86 -138.54  -31.18
  236  -83.15 -135.40  -30.91
  237  -83.22 -133.94  -32.49
  238  -80.41 -127.32  -33.50
  239  -78.79 -129.18  -28.39
  240  -79.22 -128.27  -30.18
  241  -79.80 -127.74  -31.87
  242  -80.58 -126.05  -35.11
  243  -80.78 -123.13  -38.42
  244  -80.16 -119.68  -40.64
  245  -75.43 -119.44  -31.41
  246  -75.15 -120.81  -29.50
  247  -75.96 -118.36  -33.56
  248  -77.61 -117.28  -37.94
  249  -77.64 -114.43  -40.85
  250  -75.52 -115.22  -35.82
  251  -75.08 -115.52  -34.64
  252  -74.52 -114.68  -34.37
  253  -75.65 -115.42  -35.89
  254  -75.28 -112.20  -38.37
  255  -73.04 -110.97  -35.12
  256  -71.42 -113.62  -29.22
  257  -67.79 -114.56  -21.02
  258  -67.88 -114.65  -21.10
  259  -67.70 -114.91  -20.48
  260  -69.76 -114.09  -25.43
  261  -70.28 -113.31  -27.25
  262  -69.92 -110.93  -28.91
  263  -70.48 -112.77  -28.20
  264  -70.77 -112.92  -28.61
  265  -71.21 -111.72  -30.70
  266  -71.29 -111.02  -31.55
  267  -70.26 -112.25  -28.27
  268  -69.35 -110.80  -27.90
  269  -68.68 -115.10  -22.25
  270  -68.33 -113.82  -22.84
  271  -67.01 -110.84  -23.19
  272  -65.63 -108.94  -22.32
  273  -64.23 -106.87  -21.59
  274  -64.00 -108.30  -19.70
  275  -63.62 -110.38  -16.86
  276  -65.41 -109.13  -21.69
  277  -64.01 -110.86  -17.15
  278  -61.60 -105.78  -17.43
  279  -58.54  -96.44  -20.64
  280  -56.26  -93.39  -19.14
  281  -55.74  -96.42  -15.06
  282  -56.26  -95.59  -16.93
  283  -57.32  -95.88  -18.76
  284  -57.80  -97.51  -18.09
  285  -58.56  -95.89  -21.23
  286  -59.37  -96.94  -21.80
  287  -59.46  -96.59  -22.33
  288  -61.19  -95.67  -26.70
  289  -62.02  -94.63  -29.41
  290  -63.04  -92.77  -33.30
  291  -62.60  -90.01  -35.19
  292  -61.52  -89.97  -33.08
  293  -61.16  -89.75  -32.58
  294  -62.35  -89.64  -35.07
  295  -59.87  -89.60  -30.15
  296  -59.18  -90.34  -28.02
  297  -58.48  -93.03  -23.94
  298  -58.06  -92.84  -23.29
  299  -57.51  -94.44  -20.57
  300  -57.34  -94.14  -20.53
  301  -56.45  -93.95  -18.95
  302  -56.14  -96.14  -16.15
  303  -56.28  -96.76  -15.81
  304  -55.90  -94.79  -17.02
  305  -55.17  -92.33  -18.00
  306  -55.61  -92.41  -18.80
  307  -57.03  -92.21  -21.85
  308  -56.97  -91.33  -22.62
  309  -57.05  -89.87  -24.24
  310  -56.03  -90.47  -21.58
  311  -55.35  -93.29  -17.42
  312  -54.41  -93.87  -14.94
  313  -51.09  -93.19   -8.99
  314  -48.34  -92.77   -3.92
  315  -47.86  -91.45   -4.27
  316  -48.47  -90.60   -6.35
  317  -48.42  -88.00   -8.84
  318  -49.09  -86.96  -11.21
  319  -49.39  -83.83  -14.95
  320  -48.34  -83.14  -13.53
  321  -45.96  -79.35  -12.58
  322  -45.45  -79.97  -10.94
  323  -45.77  -80.71  -10.82
  324  -45.63  -79.73  -11.53
  325  -44.17  -78.10  -10.24
  326  -43.05  -78.62   -7.47
  327  -44.06  -78.44   -9.69
  328  -43.97  -76.21  -11.72
  329  -43.72  -75.70  -11.73
  330  -43.59  -75.24  -11.95
  331  -44.96  -76.24  -13.68
  332  -46.46  -77.54  -15.37
  333  -47.76  -77.55  -17.97
  334  -49.34  -77.58  -21.10
  335  -49.93  -79.40  -20.47
  336  -49.92  -82.16  -17.67
  337  -50.09  -82.76  -17.42
  338  -49.72  -83.56  -15.88
  339  -49.35  -84.68  -14.02
  340  -49.56  -85.84  -13.29
  341  -49.71  -85.44  -13.98
  342  -49.68  -84.50  -14.85
  343  -49.60  -83.36  -15.84
  344  -48.74  -85.47  -12.00
  345  -48.69  -85.28  -12.10
  346  -46.99  -85.48   -8.51
  347  -47.65  -84.58  -10.73
  348  -47.40  -84.91   -9.88
  349  -47.69  -82.27  -13.11
  350  -47.25  -79.94  -14.57
  351  -46.73  -76.41  -17.05
  352  -44.82  -77.24  -12.40
  353  -43.50  -77.74   -9.26
  354  -43.68  -78.11   -9.25
  355  -44.24  -74.80  -13.67
  356  -46.01  -74.73  -17.28
  357  -46.12  -74.87  -17.36
  358  -45.42  -77.83  -13.01
  359  -45.19  -78.03  -12.34
  360  -45.14  -78.83  -11.44
  361  -44.37  -81.22   -7.52
  362  -44.49  -82.55   -6.43
  363  -44.83  -84.20   -5.47
  364  -45.90  -83.26   -8.54
  365  -45.55  -84.27   -6.84
