# dag  regime      5%     95%
    1 -113.72 -156.53  -70.91
    2 -112.79 -155.24  -70.34
    3 -112.57 -153.80  -71.34
    4 -110.76 -151.56  -69.97
    5 -110.91 -150.44  -71.38
    6 -112.40 -149.83  -74.98
    7 -113.34 -150.29  -76.39
    8 -114.57 -150.21  -78.92
    9 -115.36 -150.17  -80.54
   10 -115.10 -150.11  -80.10
   11 -116.56 -150.00  -83.11
   12 -117.24 -150.77  -83.70
   13 -117.88 -151.85  -83.91
   14 -118.60 -152.48  -84.73
   15 -119.46 -154.98  -83.95
   16 -120.33 -154.66  -86.00
   17 -120.13 -157.02  -83.25
   18 -118.72 -155.96  -81.47
   19 -118.59 -154.74  -82.43
   20 -117.98 -158.89  -77.08
   21 -117.61 -158.50  -76.72
   22 -117.81 -156.89  -78.73
   23 -118.07 -157.40  -78.74
   24 -117.71 -155.92  -79.50
   25 -116.75 -158.37  -75.12
   26 -117.92 -158.90  -76.94
   27 -117.40 -159.32  -75.48
   28 -117.78 -158.29  -77.27
   29 -118.97 -157.36  -80.58
   30 -119.02 -158.78  -79.26
   31 -119.62 -162.71  -76.53
   32 -120.44 -162.00  -78.87
   33 -120.42 -159.71  -81.13
   34 -121.14 -159.10  -83.19
   35 -121.04 -159.05  -83.02
   36 -120.92 -161.79  -80.06
   37 -120.91 -162.85  -78.97
   38 -120.28 -163.67  -76.89
   39 -121.74 -162.90  -80.57
   40 -120.90 -162.28  -79.52
   41 -121.52 -162.98  -80.06
   42 -120.89 -157.89  -83.88
   43 -122.39 -156.89  -87.88
   44 -123.72 -156.80  -90.64
   45 -124.24 -155.04  -93.44
   46 -124.59 -153.59  -95.59
   47 -126.02 -154.92  -97.12
   48 -126.32 -154.00  -98.64
   49 -126.99 -156.06  -97.92
   50 -128.17 -157.05  -99.28
   51 -129.38 -157.19 -101.57
   52 -129.79 -159.47 -100.11
   53 -130.92 -160.49 -101.35
   54 -131.78 -161.33 -102.23
   55 -131.55 -163.95  -99.16
   56 -131.36 -166.29  -96.43
   57 -131.68 -165.00  -98.36
   58 -131.45 -165.07  -97.83
   59 -129.91 -165.14  -94.69
   60 -127.85 -163.97  -91.72
   61 -127.47 -163.76  -91.18
   62 -128.85 -163.03  -94.68
   63 -129.43 -163.36  -95.50
   64 -128.97 -164.78  -93.16
   65 -128.87 -167.41  -90.33
   66 -128.81 -165.74  -91.88
   67 -129.62 -166.52  -92.72
   68 -129.75 -164.29  -95.22
   69 -129.48 -164.43  -94.53
   70 -129.36 -165.79  -92.93
   71 -129.92 -165.38  -94.46
   72 -130.94 -166.28  -95.61
   73 -131.91 -166.82  -97.01
   74 -132.94 -166.36  -99.51
   75 -133.90 -165.18 -102.62
   76 -133.55 -165.16 -101.93
   77 -133.53 -164.95 -102.12
   78 -133.58 -165.27 -101.89
   79 -133.82 -167.47 -100.17
   80 -134.76 -167.72 -101.79
   81 -134.80 -167.39 -102.21
   82 -134.37 -168.06 -100.67
   83 -134.31 -169.74  -98.87
   84 -134.36 -170.14  -98.59
   85 -135.13 -169.81 -100.45
   86 -134.99 -169.27 -100.70
   87 -135.64 -168.34 -102.93
   88 -136.81 -170.08 -103.54
   89 -138.12 -171.53 -104.70
   90 -139.04 -171.46 -106.62
   91 -140.10 -172.17 -108.03
   92 -141.29 -171.59 -110.99
   93 -141.38 -172.04 -110.72
   94 -141.73 -171.55 -111.90
   95 -141.75 -172.42 -111.07
   96 -141.89 -173.08 -110.70
   97 -142.50 -174.54 -110.46
   98 -144.05 -175.71 -112.40
   99 -144.76 -176.40 -113.12
  100 -146.20 -176.84 -115.56
  101 -147.17 -177.96 -116.39
  102 -147.91 -179.13 -116.69
  103 -148.72 -180.30 -117.15
  104 -149.03 -180.59 -117.47
  105 -150.32 -181.53 -119.12
  106 -151.27 -182.41 -120.13
  107 -151.23 -180.65 -121.81
  108 -152.48 -181.33 -123.63
  109 -153.76 -182.27 -125.26
  110 -154.92 -185.95 -123.89
  111 -156.38 -185.83 -126.94
  112 -157.39 -186.81 -127.97
  113 -159.04 -188.30 -129.79
  114 -159.63 -191.01 -128.25
  115 -158.44 -191.15 -125.73
  116 -158.86 -193.19 -124.53
  117 -158.63 -191.52 -125.75
  118 -159.07 -192.10 -126.04
  119 -160.29 -191.44 -129.14
  120 -159.86 -193.66 -126.06
  121 -160.28 -194.51 -126.05
  122 -160.91 -195.88 -125.93
  123 -161.83 -195.88 -127.78
  124 -162.36 -196.86 -127.85
  125 -161.93 -195.25 -128.60
  126 -162.23 -195.21 -129.25
  127 -163.08 -194.85 -131.31
  128 -163.74 -197.56 -129.93
  129 -164.55 -196.35 -132.75
  130 -164.88 -197.93 -131.82
  131 -165.66 -199.51 -131.81
  132 -166.75 -199.75 -133.75
  133 -167.40 -200.80 -134.00
  134 -165.58 -204.36 -126.80
  135 -166.37 -204.18 -128.56
  136 -165.93 -203.60 -128.26
  137 -165.72 -202.30 -129.15
  138 -165.81 -202.03 -129.58
  139 -165.95 -203.30 -128.60
  140 -164.56 -208.61 -120.51
  141 -165.02 -209.04 -121.00
  142 -165.17 -208.39 -121.95
  143 -165.93 -209.03 -122.83
  144 -165.87 -209.88 -121.86
  145 -165.00 -212.17 -117.83
  146 -164.76 -210.09 -119.44
  147 -164.87 -210.34 -119.40
  148 -165.67 -211.09 -120.25
  149 -167.26 -209.73 -124.79
  150 -167.35 -204.41 -130.30
  151 -168.69 -205.96 -131.41
  152 -168.14 -206.20 -130.09
  153 -166.71 -202.51 -130.90
  154 -163.83 -194.55 -133.12
  155 -164.20 -194.26 -134.13
  156 -165.07 -196.05 -134.10
  157 -162.29 -194.39 -130.20
  158 -161.24 -195.55 -126.93
  159 -161.56 -197.89 -125.23
  160 -162.21 -200.51 -123.92
  161 -162.44 -200.55 -124.33
  162 -163.56 -199.95 -127.17
  163 -164.20 -199.28 -129.12
  164 -164.25 -199.57 -128.93
  165 -164.31 -200.59 -128.02
  166 -164.76 -200.76 -128.76
  167 -165.29 -203.14 -127.44
  168 -165.93 -202.16 -129.69
  169 -166.29 -202.22 -130.36
  170 -166.65 -201.34 -131.96
  171 -167.10 -200.43 -133.76
  172 -166.29 -201.21 -131.37
  173 -165.21 -200.67 -129.75
  174 -164.24 -205.59 -122.88
  175 -163.93 -206.28 -121.59
  176 -163.90 -208.95 -118.84
  177 -163.21 -212.29 -114.13
  178 -163.97 -210.78 -117.16
  179 -161.10 -209.76 -112.44
  180 -161.03 -207.04 -115.02
  181 -160.11 -209.20 -111.03
  182 -161.20 -208.82 -113.59
  183 -161.71 -207.08 -116.33
  184 -161.91 -204.93 -118.90
  185 -160.99 -203.33 -118.65
  186 -161.81 -204.01 -119.61
  187 -160.71 -204.38 -117.05
  188 -159.98 -202.44 -117.53
  189 -159.90 -202.81 -116.99
  190 -159.45 -203.17 -115.74
  191 -159.34 -202.38 -116.29
  192 -159.67 -203.00 -116.34
  193 -159.55 -203.53 -115.58
  194 -158.86 -207.91 -109.81
  195 -159.59 -208.85 -110.33
  196 -159.80 -210.86 -108.74
  197 -158.51 -208.50 -108.53
  198 -158.37 -209.41 -107.33
  199 -158.96 -212.03 -105.88
  200 -159.15 -213.04 -105.26
  201 -159.87 -212.40 -107.34
  202 -159.87 -209.88 -109.85
  203 -160.10 -211.44 -108.76
  204 -159.61 -207.34 -111.89
  205 -159.36 -205.54 -113.18
  206 -160.79 -207.46 -114.12
  207 -158.91 -208.00 -109.82
  208 -160.19 -206.76 -113.62
  209 -161.23 -207.19 -115.27
  210 -159.49 -207.46 -111.51
  211 -160.30 -207.51 -113.09
  212 -160.15 -205.29 -115.01
  213 -162.11 -205.42 -118.80
  214 -163.90 -206.57 -121.23
  215 -164.85 -207.79 -121.91
  216 -164.03 -207.28 -120.77
  217 -165.13 -208.77 -121.49
  218 -165.89 -208.58 -123.21
  219 -165.25 -210.53 -119.96
  220 -166.14 -210.71 -121.57
  221 -165.39 -210.02 -120.77
  222 -164.91 -208.52 -121.31
  223 -163.70 -209.34 -118.06
  224 -164.65 -210.61 -118.68
  225 -164.56 -210.04 -119.08
  226 -165.30 -208.31 -122.29
  227 -166.09 -209.27 -122.91
  228 -166.29 -206.26 -126.32
  229 -166.36 -205.46 -127.27
  230 -166.26 -205.25 -127.27
  231 -162.57 -208.85 -116.30
  232 -160.39 -208.22 -112.56
  233 -158.71 -210.10 -107.31
  234 -159.10 -209.23 -108.97
  235 -159.36 -209.11 -109.62
  236 -157.95 -206.91 -108.99
  237 -157.89 -205.86 -109.92
  238 -155.61 -200.32 -110.89
  239 -154.18 -200.79 -107.57
  240 -154.39 -199.74 -109.03
  241 -154.70 -199.49 -109.92
  242 -155.22 -198.16 -112.29
  243 -155.28 -195.62 -114.94
  244 -154.70 -192.66 -116.75
  245 -150.87 -191.75 -109.99
  246 -150.50 -192.09 -108.91
  247 -150.99 -190.10 -111.87
  248 -152.17 -189.16 -115.18
  249 -152.08 -186.68 -117.48
  250 -150.31 -185.96 -114.67
  251 -149.83 -185.90 -113.76
  252 -149.29 -185.10 -113.48
  253 -150.06 -185.60 -114.52
  254 -149.67 -182.91 -116.44
  255 -147.80 -181.88 -113.72
  256 -146.39 -183.64 -109.14
  257 -143.31 -183.92 -102.70
  258 -143.05 -184.76 -101.35
  259 -142.75 -185.08 -100.43
  260 -144.22 -184.56 -103.88
  261 -144.52 -184.16 -104.88
  262 -144.13 -182.01 -106.25
  263 -144.47 -183.49 -105.46
  264 -143.57 -190.02  -97.13
  265 -143.92 -188.44  -99.41
  266 -143.98 -186.96 -101.00
  267 -143.15 -186.77  -99.54
  268 -142.41 -184.81 -100.01
  269 -141.79 -189.87  -93.71
  270 -141.46 -188.58  -94.35
  271 -140.38 -185.32  -95.44
  272 -139.23 -183.23  -95.23
  273 -138.04 -180.96  -95.13
  274 -137.75 -182.36  -93.13
  275 -136.88 -185.42  -88.33
  276 -138.21 -184.48  -91.95
  277 -137.09 -184.37  -89.81
  278 -135.13 -180.66  -89.61
  279 -132.61 -172.40  -92.81
  280 -130.67 -168.90  -92.44
  281 -130.10 -170.81  -89.39
  282 -130.34 -169.38  -91.30
  283 -131.03 -169.53  -92.52
  284 -131.30 -170.60  -92.00
  285 -131.79 -168.42  -95.16
  286 -132.36 -169.13  -95.58
  287 -132.37 -167.98  -96.77
  288 -133.67 -167.15 -100.19
  289 -134.29 -166.22 -102.36
  290 -135.09 -164.55 -105.63
  291 -134.74 -162.14 -107.35
  292 -133.89 -161.29 -106.49
  293 -133.58 -160.92 -106.24
  294 -134.51 -160.85 -108.16
  295 -132.53 -160.37 -104.70
  296 -131.94 -160.42 -103.46
  297 -131.33 -162.01 -100.65
  298 -130.95 -161.80 -100.09
  299 -130.06 -164.96  -95.16
  300 -129.66 -165.88  -93.44
  301 -128.93 -165.02  -92.84
  302 -128.50 -167.54  -89.47
  303 -128.56 -167.73  -89.40
  304 -128.24 -165.82  -90.65
  305 -127.61 -163.53  -91.68
  306 -127.91 -163.78  -92.04
  307 -129.00 -163.66  -94.33
  308 -128.95 -162.87  -95.02
  309 -128.99 -161.59  -96.39
  310 -128.17 -161.25  -95.09
  311 -127.60 -163.39  -91.81
  312 -126.81 -164.03  -89.59
  313 -124.14 -163.16  -85.12
  314 -121.87 -162.25  -81.49
  315 -121.35 -161.05  -81.65
  316 -121.70 -160.65  -82.76
  317 -121.55 -158.89  -84.20
  318 -121.96 -158.02  -85.90
  319 -122.09 -155.32  -88.85
  320 -121.18 -154.59  -87.77
  321 -119.21 -151.15  -87.26
  322 -118.67 -151.02  -86.32
  323 -118.78 -151.43  -86.13
  324 -118.57 -150.55  -86.59
  325 -117.29 -148.64  -85.93
  326 -116.29 -148.43  -84.14
  327 -116.94 -148.14  -85.73
  328 -116.75 -146.35  -87.16
  329 -116.44 -146.08  -86.80
  330 -116.24 -144.92  -87.56
  331 -117.22 -145.92  -88.52
  332 -118.33 -147.02  -89.64
  333 -119.31 -146.88  -91.74
  334 -120.55 -147.20  -93.90
  335 -121.02 -148.62  -93.42
  336 -121.03 -150.68  -91.39
  337 -121.19 -151.37  -91.01
  338 -120.90 -152.14  -89.65
  339 -120.61 -152.66  -88.57
  340 -120.57 -154.33  -86.82
  341 -120.72 -153.97  -87.47
  342 -120.69 -152.91  -88.47
  343 -120.66 -151.61  -89.71
  344 -119.97 -153.27  -86.67
  345 -119.91 -153.17  -86.66
  346 -118.40 -153.57  -83.24
  347 -118.85 -152.97  -84.72
  348 -118.65 -153.18  -84.12
  349 -118.88 -150.86  -86.90
  350 -118.52 -149.25  -87.79
  351 -118.10 -146.09  -90.11
  352 -116.57 -146.29  -86.85
  353 -115.49 -145.75  -85.24
  354 -115.47 -146.19  -84.76
  355 -115.87 -143.49  -88.25
  356 -117.23 -143.52  -90.94
  357 -117.32 -143.93  -90.71
  358 -116.77 -146.69  -86.84
  359 -116.56 -146.99  -86.13
  360 -116.50 -147.35  -85.66
  361 -115.87 -149.28  -82.45
  362 -115.91 -150.48  -81.34
  363 -115.63 -154.04  -77.22
  364 -116.23 -154.87  -77.60
  365 -115.84 -156.14  -75.55
