# dag  regime      5%     95%
    1    1.97   -0.64    4.59
    2    2.02   -0.56    4.60
    3    2.05   -0.47    4.57
    4    2.15   -0.36    4.66
    5    2.14   -0.28    4.55
    6    2.05   -0.24    4.33
    7    2.00   -0.25    4.24
    8    1.92   -0.29    4.13
    9    1.87   -0.22    3.96
   10    1.88   -0.26    4.03
   11    1.79   -0.24    3.82
   12    1.76   -0.26    3.79
   13    1.73   -0.31    3.77
   14    1.68   -0.35    3.71
   15    1.63   -0.51    3.77
   16    1.57   -0.47    3.62
   17    1.59   -0.62    3.80
   18    1.68   -0.53    3.89
   19    1.68   -0.47    3.83
   20    1.73   -0.71    4.17
   21    1.76   -0.70    4.21
   22    1.74   -0.59    4.07
   23    1.73   -0.61    4.07
   24    1.74   -0.51    4.00
   25    1.80   -0.67    4.27
   26    1.73   -0.71    4.17
   27    1.77   -0.73    4.26
   28    1.74   -0.63    4.11
   29    1.67   -0.57    3.92
   30    1.67   -0.67    4.01
   31    1.64   -0.88    4.16
   32    1.59   -0.83    4.01
   33    1.61   -0.68    3.89
   34    1.55   -0.66    3.76
   35    1.53   -0.71    3.77
   36    1.56   -0.86    3.98
   37    1.55   -0.93    4.03
   38    1.60   -0.97    4.17
   39    1.51   -0.94    3.96
   40    1.56   -0.88    4.00
   41    1.52   -0.93    3.96
   42    1.53   -0.73    3.79
   43    1.45   -0.66    3.56
   44    1.37   -0.66    3.39
   45    1.32   -0.55    3.20
   46    1.30   -0.47    3.07
   47    1.23   -0.53    2.99
   48    1.20   -0.51    2.90
   49    1.15   -0.60    2.91
   50    1.10   -0.64    2.84
   51    1.03   -0.64    2.69
   52    1.01   -0.77    2.78
   53    0.94   -0.83    2.70
   54    0.89   -0.84    2.62
   55    0.92   -0.97    2.80
   56    0.95   -1.06    2.97
   57    0.93   -1.00    2.85
   58    0.94   -1.02    2.89
   59    1.03   -1.01    3.07
   60    1.14   -0.98    3.27
   61    1.18   -0.90    3.26
   62    1.10   -0.88    3.07
   63    1.06   -0.92    3.04
   64    1.08   -1.02    3.18
   65    1.10   -1.16    3.36
   66    1.10   -1.05    3.25
   67    1.05   -1.09    3.19
   68    1.05   -0.92    3.02
   69    1.07   -0.88    3.03
   70    1.11   -0.91    3.12
   71    1.08   -0.85    3.01
   72    1.01   -0.96    2.97
   73    0.96   -0.93    2.84
   74    0.90   -0.89    2.69
   75    0.83   -0.82    2.48
   76    0.87   -0.78    2.53
   77    0.85   -0.80    2.51
   78    0.87   -0.79    2.53
   79    0.88   -0.87    2.63
   80    0.82   -0.86    2.51
   81    0.83   -0.85    2.50
   82    0.85   -0.91    2.60
   83    0.84   -0.99    2.68
   84    0.85   -1.02    2.72
   85    0.81   -0.95    2.57
   86    0.81   -0.93    2.55
   87    0.79   -0.78    2.36
   88    0.74   -0.83    2.30
   89    0.70   -0.82    2.22
   90    0.65   -0.83    2.14
   91    0.62   -0.82    2.06
   92    0.56   -0.74    1.86
   93    0.55   -0.76    1.86
   94    0.53   -0.67    1.73
   95    0.53   -0.70    1.76
   96    0.52   -0.77    1.82
   97    0.50   -0.85    1.86
   98    0.45   -0.85    1.75
   99    0.41   -0.90    1.73
  100    0.35   -0.88    1.58
  101    0.32   -0.84    1.49
  102    0.33   -0.86    1.52
  103    0.31   -0.82    1.44
  104    0.31   -0.75    1.37
  105    0.29   -0.67    1.25
  106    0.27   -0.55    1.08
  107    0.23   -0.47    0.94
  108    0.20   -0.46    0.85
  109    0.16   -0.41    0.74
  110    0.16   -0.63    0.95
  111    0.12   -0.56    0.80
  112    0.11   -0.48    0.70
  113    0.09   -0.43    0.62
  114    0.11   -0.50    0.72
  115    0.16   -0.59    0.92
  116    0.17   -0.66    1.00
  117    0.17   -0.57    0.92
  118    0.16   -0.61    0.93
  119    0.12   -0.51    0.75
  120    0.15   -0.71    1.02
  121    0.16   -0.73    1.04
  122    0.15   -0.79    1.10
  123    0.14   -0.69    0.97
  124    0.14   -0.67    0.95
  125    0.13   -0.56    0.81
  126    0.12   -0.63    0.88
  127    0.09   -0.53    0.71
  128    0.12   -0.61    0.85
  129    0.10   -0.58    0.78
  130    0.11   -0.64    0.86
  131    0.11   -0.67    0.88
  132    0.08   -0.55    0.71
  133    0.08   -0.45    0.61
  134    0.13   -0.67    0.93
  135    0.12   -0.66    0.90
  136    0.13   -0.72    0.98
  137    0.13   -0.75    1.01
  138    0.12   -0.71    0.95
  139    0.14   -0.67    0.96
  140    0.23   -0.97    1.43
  141    0.23   -0.98    1.43
  142    0.21   -0.87    1.29
  143    0.20   -0.83    1.22
  144    0.21   -0.94    1.36
  145    0.24   -1.02    1.50
  146    0.20   -0.91    1.31
  147    0.19   -0.82    1.20
  148    0.17   -0.83    1.16
  149    0.13   -0.75    1.00
  150    0.09   -0.62    0.79
  151    0.09   -0.65    0.83
  152    0.09   -0.71    0.88
  153    0.09   -0.62    0.81
  154    0.10   -0.54    0.73
  155    0.07   -0.42    0.56
  156    0.07   -0.37    0.52
  157    0.13   -0.42    0.67
  158    0.13   -0.34    0.59
  159    0.15   -0.49    0.78
  160    0.15   -0.64    0.94
  161    0.16   -0.69    1.02
  162    0.13   -0.63    0.88
  163    0.10   -0.47    0.66
  164    0.10   -0.53    0.73
  165    0.10   -0.59    0.79
  166    0.11   -0.62    0.83
  167    0.12   -0.64    0.88
  168    0.10   -0.53    0.74
  169    0.11   -0.46    0.68
  170    0.07   -0.35    0.49
  171    0.06   -0.32    0.43
  172    0.08   -0.42    0.58
  173    0.08   -0.43    0.59
  174    0.17   -0.72    1.06
  175    0.19   -0.70    1.08
  176    0.22   -0.79    1.24
  177    0.28   -1.05    1.60
  178    0.24   -0.97    1.45
  179    0.31   -0.88    1.49
  180    0.27   -0.80    1.34
  181    0.31   -0.99    1.61
  182    0.26   -0.84    1.36
  183    0.23   -0.75    1.20
  184    0.20   -0.77    1.16
  185    0.18   -0.70    1.06
  186    0.15   -0.81    1.12
  187    0.20   -0.97    1.37
  188    0.19   -0.97    1.34
  189    0.20   -0.99    1.39
  190    0.19   -1.05    1.44
  191    0.24   -0.99    1.46
  192    0.24   -0.91    1.39
  193    0.27   -0.91    1.44
  194    0.34   -1.18    1.85
  195    0.34   -1.08    1.76
  196    0.35   -1.12    1.82
  197    0.36   -1.17    1.90
  198    0.39   -1.20    1.97
  199    0.39   -1.31    2.09
  200    0.39   -1.30    2.08
  201    0.36   -1.22    1.93
  202    0.32   -1.15    1.79
  203    0.33   -1.24    1.90
  204    0.30   -1.12    1.72
  205    0.29   -0.96    1.55
  206    0.27   -0.97    1.51
  207    0.33   -0.98    1.64
  208    0.27   -0.85    1.39
  209    0.25   -0.78    1.28
  210    0.31   -0.91    1.53
  211    0.30   -0.88    1.48
  212    0.27   -0.77    1.32
  213    0.21   -0.64    1.07
  214    0.17   -0.60    0.94
  215    0.16   -0.62    0.94
  216    0.17   -0.72    1.07
  217    0.18   -0.66    1.03
  218    0.16   -0.63    0.96
  219    0.20   -0.59    0.99
  220    0.19   -0.57    0.94
  221    0.20   -0.57    0.97
  222    0.19   -0.55    0.94
  223    0.23   -0.68    1.14
  224    0.22   -0.73    1.16
  225    0.20   -0.63    1.03
  226    0.15   -0.58    0.88
  227    0.15   -0.62    0.92
  228    0.12   -0.50    0.74
  229    0.09   -0.40    0.58
  230    0.09   -0.43    0.61
  231    0.20   -0.99    1.38
  232    0.23   -1.00    1.45
  233    0.31   -1.21    1.84
  234    0.31   -1.10    1.72
  235    0.32   -1.09    1.73
  236    0.35   -1.04    1.73
  237    0.33   -1.04    1.71
  238    0.32   -1.03    1.67
  239    0.37   -1.19    1.92
  240    0.34   -1.14    1.82
  241    0.34   -1.11    1.79
  242    0.31   -1.01    1.63
  243    0.29   -0.90    1.48
  244    0.25   -0.80    1.31
  245    0.36   -0.90    1.61
  246    0.39   -0.87    1.66
  247    0.35   -0.73    1.44
  248    0.29   -0.70    1.29
  249    0.26   -0.66    1.18
  250    0.34   -0.69    1.36
  251    0.35   -0.73    1.44
  252    0.36   -0.69    1.40
  253    0.34   -0.74    1.42
  254    0.30   -0.70    1.31
  255    0.37   -0.75    1.49
  256    0.45   -0.87    1.76
  257    0.56   -1.19    2.31
  258    0.56   -1.34    2.46
  259    0.56   -1.40    2.51
  260    0.51   -1.28    2.30
  261    0.50   -1.26    2.26
  262    0.51   -1.17    2.18
  263    0.50   -1.21    2.21
  264    0.55   -1.73    2.84
  265    0.54   -1.60    2.68
  266    0.55   -1.49    2.59
  267    0.59   -1.47    2.65
  268    0.62   -1.31    2.56
  269    0.68   -1.66    3.02
  270    0.68   -1.58    2.95
  271    0.73   -1.39    2.84
  272    0.75   -1.35    2.86
  273    0.81   -1.20    2.82
  274    0.80   -1.37    2.97
  275    0.85   -1.59    3.29
  276    0.79   -1.50    3.07
  277    0.84   -1.50    3.18
  278    0.91   -1.40    3.21
  279    0.95   -1.23    3.12
  280    1.02   -1.11    3.14
  281    1.06   -1.20    3.32
  282    1.06   -1.09    3.21
  283    1.02   -1.06    3.10
  284    1.00   -1.09    3.10
  285    0.98   -0.97    2.93
  286    0.92   -1.13    2.97
  287    0.92   -1.02    2.86
  288    0.85   -0.95    2.66
  289    0.83   -0.84    2.50
  290    0.78   -0.75    2.31
  291    0.77   -0.70    2.24
  292    0.81   -0.67    2.28
  293    0.82   -0.65    2.29
  294    0.77   -0.63    2.17
  295    0.89   -0.61    2.40
  296    0.91   -0.69    2.51
  297    0.95   -0.78    2.69
  298    0.98   -0.74    2.70
  299    1.02   -1.01    3.05
  300    1.02   -1.10    3.15
  301    1.08   -1.03    3.19
  302    1.12   -1.14    3.38
  303    1.11   -1.18    3.40
  304    1.12   -1.11    3.35
  305    1.14   -1.03    3.31
  306    1.11   -1.03    3.25
  307    1.06   -1.00    3.11
  308    1.07   -0.94    3.07
  309    1.05   -0.92    3.03
  310    1.10   -0.90    3.10
  311    1.14   -1.00    3.28
  312    1.18   -1.04    3.41
  313    1.34   -0.98    3.66
  314    1.48   -0.91    3.87
  315    1.53   -0.83    3.88
  316    1.50   -0.80    3.81
  317    1.52   -0.67    3.72
  318    1.49   -0.65    3.62
  319    1.47   -0.50    3.45
  320    1.53   -0.46    3.51
  321    1.65   -0.24    3.54
  322    1.68   -0.22    3.59
  323    1.67   -0.26    3.60
  324    1.70   -0.20    3.60
  325    1.76   -0.09    3.62
  326    1.82   -0.06    3.71
  327    1.80   -0.02    3.61
  328    1.77   -0.01    3.56
  329    1.81    0.03    3.59
  330    1.81    0.07    3.56
  331    1.76   -0.01    3.52
  332    1.68   -0.05    3.41
  333    1.63   -0.04    3.30
  334    1.55   -0.10    3.20
  335    1.52   -0.16    3.20
  336    1.52   -0.28    3.32
  337    1.51   -0.31    3.34
  338    1.54   -0.35    3.43
  339    1.55   -0.41    3.50
  340    1.56   -0.49    3.61
  341    1.54   -0.49    3.57
  342    1.56   -0.39    3.50
  343    1.55   -0.31    3.42
  344    1.59   -0.41    3.60
  345    1.60   -0.42    3.61
  346    1.69   -0.44    3.82
  347    1.66   -0.38    3.71
  348    1.68   -0.39    3.74
  349    1.67   -0.22    3.55
  350    1.68   -0.18    3.54
  351    1.71    0.03    3.38
  352    1.81   -0.01    3.62
  353    1.87    0.06    3.68
  354    1.88    0.06    3.70
  355    1.83    0.15    3.51
  356    1.76    0.14    3.38
  357    1.76    0.14    3.37
  358    1.78   -0.05    3.60
  359    1.80   -0.06    3.66
  360    1.80   -0.09    3.68
  361    1.84   -0.22    3.90
  362    1.85   -0.27    3.96
  363    1.85   -0.50    4.19
  364    1.81   -0.57    4.19
  365    1.84   -0.64    4.32
