# dag  regime      5%     95%
    1    3.37   -1.16    7.89
    2    3.42   -0.58    7.41
    3    3.39   -0.17    6.95
    4    3.79   -0.58    8.17
    5    3.48   -0.10    7.07
    6    3.04    0.45    5.63
    7    2.87    0.17    5.58
    8    2.67    0.21    5.14
    9    2.62   -0.30    5.54
   10    2.80   -0.91    6.51
   11    2.48   -0.15    5.10
   12    2.46   -0.35    5.27
   13    2.45   -0.67    5.56
   14    2.38   -0.77    5.54
   15    2.30   -1.24    5.84
   16    2.19   -0.78    5.16
   17    2.41   -2.06    6.88
   18    2.73   -1.07    6.53
   19    2.76   -0.89    6.41
   20    2.90   -2.16    7.95
   21    2.80   -1.03    6.64
   22    2.68   -0.33    5.70
   23    2.71   -0.49    5.90
   24    2.82   -0.50    6.14
   25    3.08   -1.23    7.39
   26    2.64   -0.48    5.75
   27    2.85   -0.99    6.70
   28    2.70   -0.46    5.85
   29    2.50   -0.34    5.33
   30    2.59   -0.99    6.17
   31    2.46   -1.17    6.08
   32    2.30   -0.66    5.25
   33    2.43   -0.78    5.65
   34    2.35   -0.49    5.20
   35    2.48   -0.95    5.92
   36    2.57   -1.40    6.54
   37    2.57   -0.96    6.11
   38    2.75   -1.08    6.58
   39    2.37   -0.61    5.36
   40    2.67   -0.90    6.24
   41    2.50   -0.89    5.90
   42    2.68   -0.71    6.07
   43    2.31   -0.65    5.26
   44    2.09   -0.73    4.90
   45    2.10   -0.52    4.72
   46    2.15   -0.61    4.90
   47    1.91   -0.71    4.52
   48    1.99   -1.09    5.06
   49    1.94   -1.38    5.27
   50    1.79   -1.18    4.76
   51    1.64   -0.78    4.06
   52    1.70   -1.35    4.75
   53    1.52   -1.01    4.05
   54    1.48   -0.80    3.77
   55    1.71   -1.58    5.01
   56    1.81   -1.63    5.26
   57    1.78   -0.96    4.53
   58    1.95   -1.00    4.90
   59    2.35   -1.51    6.21
   60    2.78   -1.54    7.10
   61    2.71   -1.58    7.01
   62    2.22   -1.04    5.48
   63    2.10   -1.06    5.26
   64    2.23   -1.19    5.64
   65    2.23   -1.81    6.27
   66    2.18   -1.54    5.91
   67    1.97   -1.32    5.26
   68    2.00   -1.04    5.05
   69    2.15   -2.21    6.51
   70    2.10   -2.48    6.68
   71    1.88   -1.54    5.30
   72    1.70   -1.43    4.84
   73    1.60   -1.30    4.50
   74    1.49   -1.30    4.28
   75    1.40   -0.93    3.72
   76    1.67   -0.97    4.32
   77    1.75   -1.28    4.78
   78    1.81   -1.42    5.04
   79    1.84   -2.07    5.75
   80    1.65   -1.83    5.13
   81    1.75   -1.93    5.42
   82    1.85   -1.73    5.43
   83    1.90   -1.73    5.53
   84    1.92   -1.46    5.30
   85    1.79   -1.57    5.15
   86    1.92   -1.47    5.32
   87    1.79   -1.44    5.01
   88    1.60   -1.84    5.05
   89    1.41   -1.94    4.77
   90    1.31   -1.79    4.40
   91    1.25   -1.99    4.48
   92    1.10   -1.66    3.86
   93    1.19   -1.69    4.07
   94    1.27   -1.60    4.14
   95    1.37   -1.81    4.56
   96    1.43   -1.91    4.77
   97    1.36   -2.02    4.74
   98    1.07   -1.59    3.73
   99    1.07   -1.62    3.75
  100    0.89   -1.43    3.21
  101    0.83   -1.57    3.24
  102    0.85   -1.63    3.33
  103    0.88   -1.52    3.29
  104    1.03   -1.48    3.54
  105    0.88   -1.25    3.01
  106    0.82   -1.16    2.79
  107    0.97   -1.33    3.27
  108    0.77   -1.34    2.88
  109    0.64   -1.04    2.32
  110    0.58   -1.58    2.74
  111    0.45   -1.35    2.26
  112    0.50   -1.84    2.84
  113    0.38   -1.40    2.16
  114    0.49   -1.38    2.36
  115    0.86   -2.18    3.90
  116    0.86   -1.87    3.60
  117    0.86   -1.88    3.60
  118    0.82   -1.84    3.47
  119    0.64   -1.41    2.69
  120    0.84   -2.09    3.77
  121    0.85   -2.03    3.73
  122    0.86   -1.79    3.51
  123    0.75   -1.59    3.08
  124    0.76   -1.87    3.39
  125    0.81   -1.62    3.25
  126    0.74   -1.54    3.01
  127    0.65   -1.23    2.53
  128    0.65   -2.02    3.32
  129    0.60   -1.68    2.88
  130    0.73   -1.87    3.33
  131    0.75   -2.09    3.60
  132    0.62   -1.64    2.88
  133    0.62   -1.91    3.16
  134    1.09   -3.64    5.82
  135    0.73   -1.90    3.35
  136    0.86   -2.08    3.81
  137    0.85   -1.56    3.27
  138    0.97   -1.83    3.78
  139    0.93   -2.17    4.02
  140    1.37   -3.03    5.76
  141    1.10   -2.38    4.57
  142    1.10   -2.29    4.49
  143    0.98   -2.05    4.00
  144    0.98   -2.23    4.19
  145    1.20   -3.06    5.46
  146    1.08   -2.12    4.28
  147    1.03   -2.74    4.80
  148    0.90   -2.12    3.92
  149    0.58   -1.61    2.77
  150    0.61   -1.31    2.52
  151    0.52   -1.25    2.28
  152    0.64   -1.71    2.98
  153    0.77   -1.71    3.25
  154    1.42   -2.04    4.89
  155    1.18   -2.09    4.45
  156    0.97   -2.63    4.57
  157    1.43   -2.50    5.35
  158    1.51   -2.08    5.10
  159    1.40   -2.34    5.15
  160    1.27   -2.30    4.85
  161    1.11   -2.54    4.75
  162    0.87   -2.06    3.80
  163    0.83   -1.96    3.62
  164    0.86   -1.84    3.55
  165    0.86   -1.90    3.63
  166    0.79   -1.74    3.32
  167    0.82   -2.18    3.83
  168    0.77   -1.46    2.99
  169    0.69   -1.72    3.11
  170    0.65   -1.93    3.23
  171    0.57   -1.73    2.87
  172    0.77   -1.99    3.54
  173    0.99   -2.35    4.32
  174    1.32   -3.35    5.99
  175    1.26   -2.52    5.04
  176    1.29   -2.89    5.47
  177    1.38   -3.27    6.04
  178    1.02   -1.99    4.03
  179    1.71   -2.43    5.85
  180    1.46   -1.88    4.80
  181    1.68   -2.72    6.08
  182    1.27   -1.57    4.12
  183    1.04   -1.52    3.59
  184    1.01   -1.88    3.89
  185    1.20   -2.32    4.72
  186    0.98   -2.05    4.00
  187    1.32   -2.81    5.45
  188    1.36   -2.17    4.88
  189    1.25   -1.91    4.41
  190    1.35   -2.38    5.08
  191    1.29   -2.17    4.75
  192    1.32   -2.13    4.78
  193    1.40   -2.74    5.54
  194    1.51   -2.91    5.94
  195    1.25   -2.45    4.95
  196    1.27   -2.44    4.98
  197    1.37   -2.70    5.45
  198    1.24   -1.91    4.38
  199    1.17   -2.77    5.11
  200    1.09   -2.33    4.51
  201    1.02   -2.10    4.14
  202    0.97   -1.81    3.75
  203    1.00   -2.62    4.61
  204    0.93   -2.21    4.07
  205    0.98   -2.74    4.70
  206    0.82   -2.34    3.97
  207    1.36   -3.61    6.33
  208    0.84   -1.85    3.53
  209    0.72   -1.92    3.36
  210    1.23   -2.96    5.43
  211    1.00   -2.56    4.56
  212    1.09   -2.51    4.69
  213    0.75   -1.83    3.33
  214    0.57   -1.61    2.76
  215    0.63   -1.89    3.15
  216    0.90   -2.43    4.23
  217    0.81   -2.20    3.82
  218    0.71   -1.95    3.37
  219    0.97   -2.15    4.10
  220    0.84   -1.56    3.25
  221    0.93   -1.88    3.75
  222    0.96   -1.61    3.53
  223    1.23   -3.46    5.93
  224    0.86   -2.53    4.25
  225    0.85   -2.15    3.85
  226    0.64   -1.62    2.90
  227    0.55   -1.45    2.56
  228    0.58   -1.30    2.45
  229    0.69   -2.04    3.42
  230    0.75   -2.06    3.56
  231    1.51   -3.69    6.71
  232    1.70   -3.03    6.43
  233    1.80   -3.12    6.71
  234    1.31   -2.57    5.19
  235    1.08   -2.27    4.42
  236    1.34   -2.17    4.85
  237    1.17   -1.87    4.22
  238    1.59   -1.90    5.09
  239    1.82   -3.23    6.87
  240    1.43   -2.43    5.29
  241    1.29   -2.18    4.75
  242    1.14   -1.91    4.19
  243    1.07   -1.70    3.84
  244    1.23   -1.56    4.02
  245    2.14   -2.31    6.59
  246    1.94   -2.63    6.52
  247    1.58   -1.66    4.83
  248    1.23   -1.46    3.92
  249    1.24   -1.57    4.05
  250    1.71   -2.64    6.06
  251    1.61   -2.50    5.72
  252    1.64   -2.28    5.56
  253    1.40   -2.00    4.81
  254    1.45   -1.64    4.55
  255    1.85   -1.96    5.66
  256    2.09   -2.52    6.70
  257    2.57   -3.83    8.97
  258    2.11   -2.21    6.43
  259    2.03   -2.00    6.06
  260    1.54   -1.50    4.58
  261    1.45   -1.57    4.47
  262    1.58   -1.98    5.13
  263    1.49   -2.16    5.14
  264    1.67   -4.01    7.35
  265    1.33   -2.03    4.69
  266    1.36   -2.12    4.84
  267    1.56   -2.91    6.02
  268    1.61   -2.21    5.43
  269    1.78   -2.50    6.06
  270    1.75   -2.10    5.60
  271    1.97   -2.48    6.42
  272    2.12   -2.13    6.36
  273    2.26   -1.85    6.37
  274    2.16   -1.82    6.14
  275    2.25   -2.93    7.43
  276    1.65   -1.08    4.39
  277    1.97   -2.43    6.37
  278    2.28   -0.94    5.50
  279    2.80   -0.99    6.60
  280    3.04   -1.24    7.32
  281    2.88   -1.75    7.52
  282    2.56   -1.27    6.38
  283    2.28   -1.29    5.86
  284    2.21   -1.61    6.04
  285    2.08   -1.81    5.98
  286    1.94   -1.77    5.65
  287    1.97   -2.02    5.95
  288    1.64   -1.24    4.51
  289    1.59   -1.20    4.37
  290    1.50   -1.06    4.06
  291    1.69   -1.04    4.42
  292    1.97   -1.63    5.57
  293    2.02   -1.06    5.09
  294    1.79   -0.92    4.50
  295    2.34   -1.49    6.16
  296    2.44   -1.73    6.61
  297    2.45   -1.74    6.63
  298    2.42   -1.39    6.24
  299    2.57   -2.05    7.19
  300    2.43   -1.59    6.46
  301    2.51   -1.50    6.53
  302    2.53   -2.01    7.08
  303    2.36   -1.49    6.20
  304    2.38   -0.97    5.73
  305    2.49   -0.57    5.55
  306    2.40   -0.74    5.53
  307    2.13   -0.77    5.02
  308    2.19   -0.87    5.26
  309    2.21   -0.94    5.36
  310    2.41   -1.27    6.08
  311    2.46   -1.89    6.82
  312    2.51   -1.52    6.54
  313    3.09   -1.68    7.87
  314    3.35   -1.12    7.82
  315    3.17   -0.85    7.19
  316    2.90   -0.29    6.10
  317    2.91   -0.41    6.24
  318    2.73   -0.37    5.83
  319    2.66    0.01    5.32
  320    2.92   -0.39    6.23
  321    3.34   -0.37    7.05
  322    3.33   -0.71    7.37
  323    3.11   -0.40    6.63
  324    3.10   -0.16    6.36
  325    3.35   -0.74    7.45
  326    3.42   -0.61    7.45
  327    3.02   -0.14    6.19
  328    3.04   -0.01    6.08
  329    3.08    0.34    5.81
  330    3.14   -0.63    6.90
  331    2.77   -0.04    5.58
  332    2.58   -0.06    5.21
  333    2.43   -0.38    5.24
  334    2.24   -0.13    4.62
  335    2.27   -0.68    5.23
  336    2.36   -0.97    5.70
  337    2.39   -0.58    5.37
  338    2.57   -0.64    5.78
  339    2.67   -0.94    6.27
  340    2.64   -1.14    6.42
  341    2.54   -0.92    6.00
  342    2.62   -1.02    6.26
  343    2.61   -0.88    6.10
  344    2.82   -1.10    6.74
  345    2.80   -0.88    6.47
  346    3.15   -1.48    7.78
  347    2.79   -0.82    6.41
  348    2.82   -0.95    6.59
  349    2.75   -0.48    5.99
  350    2.87   -0.13    5.86
  351    3.00   -0.24    6.24
  352    3.36   -0.54    7.26
  353    3.48   -0.50    7.46
  354    3.26   -0.35    6.88
  355    3.09    0.30    5.87
  356    2.77    0.29    5.25
  357    2.82    0.20    5.44
  358    3.01   -0.26    6.28
  359    3.04   -0.13    6.21
  360    3.06   -0.94    7.07
  361    3.12   -0.64    6.87
  362    3.06   -0.74    6.87
  363    3.08   -1.46    7.61
  364    2.74   -0.41    5.89
  365    2.89   -0.80    6.58
