# dag  regime      5%     95%
    1  -29.20  -68.71   10.31
    2  -27.29  -66.52   11.94
    3  -27.15  -62.74    8.43
    4  -25.08  -62.32   12.16
    5  -26.72  -59.54    6.10
    6  -30.39  -57.29   -3.49
    7  -32.14  -59.62   -4.66
    8  -34.23  -59.92   -8.54
    9  -34.86  -64.75   -4.97
   10  -33.60  -68.48    1.27
   11  -36.20  -63.50   -8.91
   12  -36.44  -65.11   -7.77
   13  -36.82  -67.81   -5.82
   14  -37.31  -69.16   -5.46
   15  -38.79  -71.67   -5.90
   16  -39.26  -70.11   -8.41
   17  -39.03  -71.25   -6.82
   18  -34.40  -70.81    2.02
   19  -34.11  -67.61   -0.61
   20  -34.92  -67.46   -2.37
   21  -34.49  -64.22   -4.77
   22  -34.03  -65.40   -2.66
   23  -34.37  -64.39   -4.36
   24  -33.01  -65.87   -0.15
   25  -32.17  -65.80    1.45
   26  -34.69  -66.62   -2.76
   27  -33.61  -67.16   -0.07
   28  -33.78  -66.46   -1.11
   29  -36.03  -65.53   -6.53
   30  -36.10  -66.77   -5.44
   31  -37.45  -70.43   -4.48
   32  -38.11  -68.87   -7.35
   33  -36.92  -68.98   -4.86
   34  -37.57  -67.13   -8.01
   35  -36.53  -70.60   -2.47
   36  -36.24  -73.01    0.53
   37  -35.94  -69.48   -2.39
   38  -34.07  -71.94    3.80
   39  -37.32  -68.33   -6.32
   40  -35.03  -67.95   -2.12
   41  -36.78  -67.24   -6.31
   42  -34.70  -68.07   -1.33
   43  -38.02  -68.57   -7.48
   44  -40.30  -69.49  -11.12
   45  -40.14  -67.62  -12.66
   46  -39.71  -68.42  -11.00
   47  -42.17  -69.32  -15.02
   48  -41.39  -73.28   -9.49
   49  -41.81  -76.19   -7.42
   50  -43.47  -74.45  -12.49
   51  -45.01  -70.17  -19.85
   52  -44.87  -72.42  -17.31
   53  -46.17  -71.86  -20.47
   54  -46.62  -70.34  -22.90
   55  -44.98  -75.08  -14.87
   56  -43.87  -74.68  -13.06
   57  -43.55  -72.23  -14.86
   58  -42.26  -70.70  -13.81
   59  -38.62  -73.88   -3.36
   60  -34.11  -74.95    6.73
   61  -34.90  -74.30    4.50
   62  -39.17  -71.75   -6.58
   63  -40.76  -70.40  -11.12
   64  -39.44  -72.01   -6.87
   65  -40.19  -73.91   -6.48
   66  -40.01  -75.57   -4.46
   67  -41.67  -75.15   -8.20
   68  -41.11  -72.80   -9.42
   69  -41.58  -73.72   -9.44
   70  -42.54  -78.72   -6.36
   71  -42.99  -78.51   -7.47
   72  -44.46  -77.59  -11.33
   73  -45.58  -76.22  -14.94
   74  -46.70  -75.94  -17.47
   75  -47.57  -72.26  -22.87
   76  -44.97  -73.55  -16.39
   77  -43.86  -75.27  -12.45
   78  -43.15  -76.85   -9.44
   79  -43.50  -82.68   -4.32
   80  -45.33  -81.96   -8.69
   81  -45.15  -80.57   -9.73
   82  -43.62  -78.85   -8.40
   83  -43.13  -81.26   -5.00
   84  -42.72  -79.43   -6.01
   85  -44.32  -81.43   -7.21
   86  -43.24  -81.69   -4.80
   87  -44.49  -81.01   -7.98
   88  -46.90  -85.51   -8.29
   89  -49.21  -87.55  -10.87
   90  -50.18  -85.89  -14.47
   91  -51.37  -89.16  -13.58
   92  -52.78  -85.57  -19.99
   93  -51.20  -84.47  -17.93
   94  -50.69  -84.79  -16.58
   95  -49.55  -86.34  -12.77
   96  -48.97  -87.39  -10.56
   97  -49.96  -87.60  -12.32
   98  -52.99  -84.96  -21.02
   99  -53.43  -86.12  -20.74
  100  -55.68  -85.45  -25.90
  101  -56.41  -86.64  -26.19
  102  -56.55  -88.19  -24.90
  103  -56.94  -89.49  -24.40
  104  -56.04  -91.71  -20.37
  105  -57.96  -90.44  -25.48
  106  -58.74  -90.31  -27.17
  107  -56.90  -91.07  -22.73
  108  -58.87  -90.23  -27.51
  109  -60.63  -88.47  -32.78
  110  -61.80  -93.35  -30.24
  111  -63.62  -92.26  -34.97
  112  -64.09  -97.44  -30.74
  113  -66.27  -95.03  -37.51
  114  -65.37  -96.63  -34.11
  115  -60.53 -101.24  -19.82
  116  -60.55 -100.72  -20.39
  117  -59.03  -97.76  -20.30
  118  -59.52  -97.78  -21.26
  119  -61.95  -95.23  -28.66
  120  -59.75 -100.12  -19.39
  121  -60.24 -101.06  -19.41
  122  -61.14 -102.11  -20.17
  123  -62.71 -101.11  -24.30
  124  -63.04 -104.26  -21.82
  125  -60.90  -99.26  -22.54
  126  -61.12  -97.37  -24.87
  127  -62.68  -96.32  -29.03
  128  -63.56 -102.66  -24.46
  129  -64.68 -101.87  -27.48
  130  -64.39 -106.19  -22.59
  131  -65.45 -110.99  -19.90
  132  -67.15 -108.12  -26.17
  133  -67.40 -110.40  -24.41
  134  -63.28 -114.57  -11.99
  135  -64.72 -107.75  -21.69
  136  -62.74 -108.43  -17.05
  137  -61.81 -103.20  -20.43
  138  -61.82 -108.10  -15.54
  139  -62.00 -109.50  -14.51
  140  -58.99 -116.72   -1.26
  141  -60.77 -111.59   -9.94
  142  -61.06 -113.27   -8.85
  143  -62.97 -112.01  -13.93
  144  -62.40 -112.02  -12.79
  145  -60.66 -116.09   -5.23
  146  -60.02 -110.32   -9.72
  147  -61.26 -109.80  -12.72
  148  -63.09 -110.70  -15.47
  149  -66.64 -104.81  -28.48
  150  -65.71 -102.21  -29.21
  151  -68.24 -104.63  -31.86
  152  -65.51 -104.64  -26.37
  153  -61.07 -100.24  -21.89
  154  -54.38 -101.80   -6.96
  155  -57.05 -102.65  -11.45
  156  -60.81 -106.09  -15.53
  157  -54.38 -103.42   -5.34
  158  -52.78 -103.23   -2.33
  159  -54.87 -108.01   -1.73
  160  -57.62 -108.98   -6.26
  161  -58.79 -108.41   -9.17
  162  -61.65 -105.93  -17.37
  163  -62.76 -106.64  -18.89
  164  -62.22 -104.98  -19.45
  165  -61.84 -105.16  -18.52
  166  -62.57 -104.07  -21.07
  167  -63.52 -108.48  -18.55
  168  -64.41 -105.22  -23.59
  169  -64.54 -106.06  -23.02
  170  -64.66 -107.25  -22.08
  171  -65.05 -102.52  -27.57
  172  -62.19 -104.42  -19.96
  173  -59.43 -104.32  -14.54
  174  -58.48 -113.19   -3.77
  175  -58.10 -111.70   -4.50
  176  -58.74 -115.64   -1.84
  177  -58.61 -114.05   -3.17
  178  -60.75 -108.84  -12.67
  179  -53.58 -113.10    5.94
  180  -54.51 -106.60   -2.42
  181  -54.31 -111.00    2.38
  182  -57.87 -108.70   -7.03
  183  -59.23 -104.60  -13.87
  184  -59.95 -103.87  -16.03
  185  -57.73 -106.21   -9.26
  186  -59.92 -106.13  -13.70
  187  -57.39 -112.26   -2.53
  188  -55.83 -106.93   -4.73
  189  -55.98 -102.38   -9.58
  190  -55.34 -106.08   -4.61
  191  -55.52 -104.24   -6.80
  192  -56.71 -107.80   -5.62
  193  -57.70 -108.98   -6.42
  194  -56.74 -114.17    0.69
  195  -58.65 -113.30   -4.00
  196  -59.42 -111.47   -7.36
  197  -56.87 -105.31   -8.42
  198  -56.37 -103.40   -9.34
  199  -58.83 -107.94   -9.72
  200  -58.77 -108.44   -9.11
  201  -60.14 -108.10  -12.19
  202  -59.42 -102.68  -16.16
  203  -60.49 -103.55  -17.43
  204  -58.48 -101.05  -15.90
  205  -58.00 -101.48  -14.52
  206  -61.42 -104.43  -18.40
  207  -57.89 -108.27   -7.50
  208  -60.86 -100.90  -20.83
  209  -62.66 -102.55  -22.78
  210  -57.90 -109.08   -6.72
  211  -59.81 -108.48  -11.14
  212  -58.86 -108.87   -8.86
  213  -63.52 -105.11  -21.93
  214  -66.93 -106.04  -27.83
  215  -67.58 -109.90  -25.27
  216  -63.77 -113.44  -14.09
  217  -65.66 -112.58  -18.74
  218  -66.35 -109.74  -22.97
  219  -63.42 -113.05  -13.80
  220  -65.01 -109.31  -20.70
  221  -62.18 -108.38  -15.98
  222  -60.58 -103.73  -17.43
  223  -59.50 -107.08  -11.92
  224  -62.90 -104.60  -21.19
  225  -62.34 -105.48  -19.20
  226  -63.69 -100.22  -27.17
  227  -65.01  -99.44  -30.58
  228  -64.57  -98.00  -31.14
  229  -63.99 -104.97  -23.00
  230  -63.04 -104.33  -21.74
  231  -55.32 -106.36   -4.28
  232  -52.04 -105.72    1.63
  233  -51.10 -101.34   -0.86
  234  -54.62  -96.16  -13.07
  235  -56.41  -96.03  -16.80
  236  -53.65  -95.06  -12.24
  237  -54.15  -94.13  -14.18
  238  -48.72  -92.10   -5.35
  239  -48.93  -94.72   -3.13
  240  -50.70  -96.47   -4.93
  241  -52.29  -94.94   -9.64
  242  -54.01  -92.77  -15.26
  243  -54.24  -89.95  -18.53
  244  -52.78  -89.69  -15.87
  245  -44.62  -91.87    2.64
  246  -47.09  -93.98   -0.19
  247  -49.35  -91.61   -7.10
  248  -52.94  -89.37  -16.51
  249  -52.59  -89.73  -15.45
  250  -49.20  -95.15   -3.26
  251  -49.10  -94.80   -3.41
  252  -48.18  -95.05   -1.31
  253  -50.73  -92.70   -8.75
  254  -49.80  -88.24  -11.35
  255  -45.30  -90.35   -0.25
  256  -43.52  -93.88    6.85
  257  -40.70  -88.61    7.22
  258  -42.45  -87.31    2.41
  259  -43.31  -86.33   -0.29
  260  -47.86  -84.03  -11.69
  261  -48.47  -83.35  -13.59
  262  -47.78  -85.09  -10.47
  263  -48.63  -89.94   -7.32
  264  -49.25  -86.05  -12.46
  265  -49.80  -85.72  -13.88
  266  -49.85  -84.86  -14.84
  267  -48.87  -85.02  -12.72
  268  -46.43  -88.40   -4.46
  269  -45.57  -88.16   -2.99
  270  -44.81  -86.96   -2.67
  271  -43.53  -84.08   -2.97
  272  -41.71  -83.65    0.23
  273  -39.91  -81.83    2.01
  274  -40.64  -80.59   -0.70
  275  -41.65  -78.13   -5.16
  276  -45.34  -74.95  -15.74
  277  -43.90  -76.86  -10.94
  278  -38.60  -73.06   -4.14
  279  -33.90  -68.69    0.90
  280  -31.78  -71.48    7.92
  281  -33.78  -72.97    5.40
  282  -36.00  -74.22    2.21
  283  -38.56  -75.40   -1.72
  284  -39.35  -79.60    0.91
  285  -41.18  -79.35   -3.01
  286  -42.49  -80.45   -4.53
  287  -42.57  -81.11   -4.03
  288  -45.24  -75.91  -14.57
  289  -45.71  -75.02  -16.41
  290  -46.59  -73.53  -19.65
  291  -44.46  -72.99  -15.93
  292  -42.31  -75.42   -9.20
  293  -41.14  -73.33   -8.95
  294  -43.35  -71.48  -15.22
  295  -37.77  -77.29    1.75
  296  -37.74  -76.51    1.04
  297  -37.27  -78.52    3.99
  298  -37.13  -75.13    0.87
  299  -37.43  -74.85   -0.01
  300  -37.70  -74.69   -0.71
  301  -36.47  -76.16    3.22
  302  -37.33  -76.44    1.77
  303  -38.36  -73.74   -2.97
  304  -37.80  -69.82   -5.79
  305  -36.07  -67.97   -4.17
  306  -37.10  -69.32   -4.88
  307  -39.98  -69.30  -10.66
  308  -39.27  -71.21   -7.33
  309  -39.52  -69.14   -9.91
  310  -37.93  -70.61   -5.26
  311  -38.19  -73.48   -2.90
  312  -36.87  -73.70   -0.04
  313  -32.44  -70.97    6.08
  314  -29.51  -67.01    7.99
  315  -30.43  -67.41    6.54
  316  -31.90  -65.38    1.58
  317  -32.37  -63.98   -0.76
  318  -34.11  -63.68   -4.54
  319  -34.25  -61.93   -6.57
  320  -32.20  -64.23   -0.17
  321  -27.91  -64.09    8.27
  322  -28.70  -65.98    8.57
  323  -30.09  -64.63    4.45
  324  -30.16  -62.67    2.35
  325  -28.72  -63.53    6.09
  326  -28.56  -60.58    3.46
  327  -31.08  -61.29   -0.88
  328  -31.07  -58.70   -3.44
  329  -29.96  -58.09   -1.83
  330  -31.03  -61.60   -0.46
  331  -33.17  -62.47   -3.88
  332  -35.28  -62.63   -7.93
  333  -36.81  -65.60   -8.02
  334  -38.69  -63.49  -13.89
  335  -38.97  -65.43  -12.51
  336  -38.12  -69.30   -6.93
  337  -37.13  -68.07   -6.19
  338  -35.74  -67.08   -4.41
  339  -35.30  -67.57   -3.02
  340  -35.90  -67.45   -4.35
  341  -35.59  -70.57   -0.61
  342  -35.69  -68.59   -2.80
  343  -34.98  -70.43    0.47
  344  -33.42  -70.64    3.80
  345  -33.55  -69.16    2.05
  346  -31.97  -68.81    4.87
  347  -33.79  -67.71    0.14
  348  -33.22  -69.91    3.46
  349  -33.64  -65.84   -1.44
  350  -32.15  -63.10   -1.20
  351  -31.02  -63.72    1.68
  352  -28.30  -62.88    6.28
  353  -27.83  -60.35    4.70
  354  -28.81  -63.88    6.26
  355  -29.93  -58.70   -1.17
  356  -33.27  -59.11   -7.44
  357  -32.73  -59.93   -5.53
  358  -31.25  -63.02    0.53
  359  -30.47  -63.23    2.28
  360  -31.69  -64.32    0.95
  361  -30.29  -66.81    6.24
  362  -31.27  -65.99    3.45
  363  -32.76  -66.35    0.83
  364  -34.07  -63.61   -4.54
  365  -32.97  -66.86    0.92
