# dag  regime      5%     95%
    1  -82.46 -130.64  -34.28
    2  -81.40 -128.36  -34.44
    3  -81.23 -126.14  -36.31
    4  -79.04 -123.52  -34.56
    5  -79.42 -122.04  -36.79
    6  -81.45 -121.04  -41.85
    7  -82.74 -121.46  -44.02
    8  -84.38 -121.08  -47.68
    9  -85.38 -121.28  -49.49
   10  -85.04 -121.69  -48.39
   11  -86.91 -120.91  -52.91
   12  -87.73 -121.89  -53.58
   13  -88.48 -123.21  -53.76
   14  -89.31 -123.96  -54.66
   15  -90.33 -127.34  -53.32
   16  -91.33 -126.94  -55.72
   17  -90.94 -130.84  -51.04
   18  -89.01 -129.43  -48.60
   19  -88.79 -127.82  -49.77
   20  -87.96 -134.14  -41.78
   21  -87.46 -132.62  -42.31
   22  -87.72 -130.06  -45.37
   23  -88.01 -130.22  -45.80
   24  -87.56 -128.01  -47.10
   25  -86.31 -131.39  -41.23
   26  -87.82 -131.64  -43.99
   27  -87.12 -132.08  -42.16
   28  -87.61 -130.25  -44.96
   29  -89.10 -128.67  -49.54
   30  -89.14 -130.32  -47.95
   31  -89.87 -135.09  -44.64
   32  -90.84 -133.68  -48.00
   33  -90.73 -130.59  -50.88
   34  -91.57 -129.65  -53.49
   35  -91.36 -129.65  -53.07
   36  -91.13 -133.05  -49.21
   37  -91.06 -134.06  -48.05
   38  -90.18 -135.11  -45.25
   39  -92.01 -133.78  -50.24
   40  -90.87 -133.19  -48.55
   41  -91.58 -133.73  -49.42
   42  -90.74 -128.20  -53.29
   43  -92.62 -127.21  -58.02
   44  -94.23 -127.04  -61.42
   45  -94.76 -124.88  -64.64
   46  -95.10 -123.49  -66.71
   47  -96.80 -125.07  -68.53
   48  -97.04 -125.31  -68.77
   49  -97.75 -128.15  -67.34
   50  -99.08 -129.03  -69.13
   51 -100.45 -128.67  -72.22
   52 -100.78 -131.33  -70.22
   53 -102.00 -132.23  -71.78
   54 -102.90 -132.73  -73.06
   55 -102.40 -136.11  -68.69
   56 -101.96 -139.02  -64.91
   57 -102.19 -136.97  -67.41
   58 -101.70 -136.64  -66.75
   59  -99.60 -137.02  -62.19
   60  -96.82 -135.68  -57.95
   61  -96.31 -135.41  -57.21
   62  -98.08 -134.39  -61.77
   63  -98.77 -134.45  -63.09
   64  -98.11 -136.07  -60.16
   65  -97.97 -139.95  -55.98
   66  -97.86 -137.92  -57.79
   67  -98.88 -138.57  -59.19
   68  -98.98 -135.38  -62.58
   69  -98.59 -136.36  -60.82
   70  -98.39 -139.25  -57.53
   71  -99.07 -138.59  -59.56
   72 -100.35 -139.45  -61.24
   73 -101.51 -139.34  -63.68
   74 -102.72 -138.41  -67.02
   75 -103.83 -136.25  -71.41
   76 -103.23 -135.62  -70.84
   77 -103.11 -135.45  -70.77
   78 -103.06 -135.76  -70.36
   79 -103.26 -138.97  -67.55
   80 -104.37 -139.26  -69.48
   81 -104.31 -139.38  -69.24
   82 -103.63 -139.80  -67.47
   83 -103.50 -141.87  -65.12
   84 -103.48 -141.72  -65.24
   85 -104.40 -141.32  -67.48
   86 -104.10 -140.72  -67.48
   87 -104.87 -139.68  -70.06
   88 -106.27 -142.17  -70.37
   89 -107.82 -143.97  -71.67
   90 -108.86 -143.78  -73.94
   91 -110.03 -144.89  -75.18
   92 -111.36 -143.72  -79.00
   93 -111.28 -143.58  -78.98
   94 -111.53 -142.92  -80.15
   95 -111.38 -143.85  -78.91
   96 -111.39 -144.78  -78.01
   97 -111.99 -146.60  -77.38
   98 -113.80 -147.50  -80.10
   99 -114.53 -148.23  -80.84
  100 -116.16 -148.55  -83.77
  101 -117.16 -149.52  -84.79
  102 -117.88 -150.68  -85.08
  103 -118.66 -151.74  -85.59
  104 -118.81 -151.82  -85.81
  105 -120.21 -152.56  -87.85
  106 -121.18 -153.30  -89.07
  107 -120.86 -151.40  -90.32
  108 -122.24 -152.06  -92.41
  109 -123.62 -152.80  -94.44
  110 -124.82 -156.79  -92.85
  111 -126.38 -156.48  -96.28
  112 -127.35 -157.68  -97.03
  113 -129.16 -158.86  -99.45
  114 -129.55 -161.60  -97.50
  115 -127.73 -162.30  -93.16
  116 -127.98 -164.24  -91.73
  117 -127.46 -162.04  -92.88
  118 -127.80 -162.70  -92.90
  119 -129.12 -161.57  -96.66
  120 -128.34 -164.34  -92.33
  121 -128.69 -165.49  -91.88
  122 -129.27 -167.00  -91.54
  123 -130.25 -166.88  -93.61
  124 -130.72 -168.35  -93.09
  125 -129.94 -165.78  -94.10
  126 -130.17 -165.35  -94.99
  127 -131.07 -164.59  -97.56
  128 -131.73 -167.76  -95.70
  129 -132.57 -166.17  -98.97
  130 -132.78 -168.26  -97.30
  131 -133.60 -170.44  -96.76
  132 -134.80 -170.49  -99.11
  133 -135.40 -172.03  -98.76
  134 -132.86 -176.83  -88.89
  135 -133.73 -175.60  -91.86
  136 -133.01 -174.86  -91.15
  137 -132.60 -172.57  -92.63
  138 -132.60 -172.34  -92.86
  139 -132.69 -173.91  -91.47
  140 -130.82 -180.42  -81.22
  141 -131.36 -180.40  -82.32
  142 -131.48 -179.53  -83.42
  143 -132.42 -179.81  -85.04
  144 -132.24 -180.24  -84.24
  145 -131.06 -183.02  -79.09
  146 -130.73 -180.35  -81.10
  147 -130.84 -180.74  -80.94
  148 -131.82 -181.37  -82.28
  149 -133.82 -179.06  -88.57
  150 -133.84 -172.59  -95.09
  151 -135.46 -174.45  -96.48
  152 -134.64 -174.22  -95.05
  153 -132.70 -169.55  -95.85
  154 -128.99 -160.82  -97.16
  155 -129.51 -161.31  -97.71
  156 -130.65 -164.61  -96.69
  157 -127.12 -163.11  -91.13
  158 -125.86 -163.98  -87.74
  159 -126.38 -167.18  -85.57
  160 -127.31 -170.32  -84.30
  161 -127.68 -170.42  -84.94
  162 -129.14 -169.48  -88.81
  163 -129.97 -168.29  -91.66
  164 -130.03 -168.16  -91.91
  165 -130.10 -169.10  -91.11
  166 -130.69 -169.26  -92.12
  167 -131.34 -172.30  -90.38
  168 -132.10 -171.08  -93.12
  169 -132.52 -171.29  -93.75
  170 -132.92 -170.63  -95.21
  171 -133.42 -169.20  -97.65
  172 -132.33 -170.39  -94.28
  173 -130.89 -169.70  -92.09
  174 -129.65 -176.61  -82.69
  175 -129.29 -177.18  -81.39
  176 -129.26 -180.35  -78.17
  177 -128.43 -184.16  -72.70
  178 -129.44 -181.82  -77.06
  179 -125.81 -180.57  -71.05
  180 -125.83 -176.73  -74.93
  181 -124.74 -179.73  -69.76
  182 -126.26 -178.91  -73.62
  183 -127.00 -176.24  -77.77
  184 -127.31 -173.58  -81.04
  185 -126.17 -172.16  -80.17
  186 -127.28 -172.89  -81.67
  187 -125.92 -173.79  -78.05
  188 -125.05 -171.39  -78.72
  189 -125.03 -171.17  -78.89
  190 -124.53 -171.82  -77.24
  191 -124.48 -170.52  -78.44
  192 -124.99 -170.85  -79.14
  193 -124.92 -172.34  -77.49
  194 -124.08 -178.04  -70.13
  195 -125.10 -178.69  -71.51
  196 -125.43 -180.53  -70.33
  197 -123.83 -177.26  -70.40
  198 -123.71 -178.03  -69.39
  199 -124.54 -181.22  -67.85
  200 -124.83 -182.07  -67.58
  201 -125.78 -181.19  -70.37
  202 -125.80 -177.62  -73.99
  203 -126.11 -179.57  -72.65
  204 -125.49 -174.66  -76.32
  205 -125.19 -172.72  -77.66
  206 -127.04 -174.89  -79.18
  207 -124.61 -176.76  -72.45
  208 -126.29 -174.38  -78.20
  209 -127.60 -174.55  -80.64
  210 -125.33 -175.79  -74.88
  211 -126.41 -175.80  -77.02
  212 -126.22 -173.23  -79.21
  213 -128.71 -173.08  -84.34
  214 -130.95 -174.43  -87.48
  215 -132.03 -176.11  -87.94
  216 -130.86 -175.88  -85.84
  217 -132.19 -177.55  -86.83
  218 -133.02 -177.21  -88.83
  219 -132.08 -179.10  -85.07
  220 -133.11 -179.18  -87.04
  221 -132.04 -178.58  -85.50
  222 -131.33 -175.81  -86.85
  223 -129.71 -177.29  -82.13
  224 -130.91 -179.11  -82.70
  225 -130.75 -178.84  -82.67
  226 -131.63 -176.22  -87.04
  227 -132.59 -177.10  -88.08
  228 -132.76 -173.29  -92.23
  229 -132.79 -173.24  -92.34
  230 -132.56 -173.19  -91.94
  231 -127.80 -178.17  -77.43
  232 -125.07 -177.53  -72.61
  233 -123.05 -179.79  -66.32
  234 -123.69 -178.03  -69.34
  235 -124.16 -177.69  -70.64
  236 -122.46 -174.40  -70.53
  237 -122.55 -172.83  -72.27
  238 -119.76 -166.20  -73.31
  239 -118.14 -168.30  -67.97
  240 -118.61 -167.42  -69.79
  241 -119.24 -166.78  -71.69
  242 -120.05 -165.09  -75.01
  243 -120.26 -162.14  -78.39
  244 -119.66 -158.66  -80.66
  245 -114.90 -158.52  -71.27
  246 -114.66 -160.03  -69.29
  247 -115.50 -157.54  -73.46
  248 -117.21 -156.47  -77.95
  249 -117.25 -153.62  -80.89
  250 -115.14 -154.64  -75.64
  251 -114.71 -154.95  -74.47
  252 -114.18 -154.14  -74.22
  253 -115.33 -154.83  -75.83
  254 -114.98 -151.64  -78.32
  255 -112.73 -150.34  -75.11
  256 -111.11 -153.08  -69.14
  257 -107.40 -154.59  -60.22
  258 -107.37 -155.37  -59.37
  259 -107.24 -155.34  -59.14
  260 -109.39 -154.41  -64.36
  261 -109.95 -153.36  -66.53
  262 -109.62 -150.87  -68.36
  263 -110.22 -152.56  -67.88
  264 -109.24 -161.01  -57.47
  265 -109.82 -158.45  -61.19
  266 -110.02 -156.44  -63.60
  267 -109.09 -156.14  -62.04
  268 -108.28 -153.69  -62.87
  269 -107.62 -159.48  -55.77
  270 -107.37 -157.67  -57.07
  271 -106.13 -153.83  -58.42
  272 -104.84 -151.50  -58.18
  273 -103.51 -148.88  -58.14
  274 -103.35 -150.55  -56.14
  275 -102.44 -154.66  -50.22
  276 -104.35 -152.90  -55.81
  277 -103.07 -153.52  -52.61
  278 -100.74 -148.24  -53.24
  279  -97.74 -138.41  -57.07
  280  -95.53 -134.86  -56.20
  281  -95.12 -137.59  -52.65
  282  -95.73 -136.40  -55.06
  283  -96.90 -136.72  -57.07
  284  -97.46 -138.34  -56.59
  285  -98.30 -136.54  -60.06
  286  -99.18 -137.73  -60.63
  287  -99.33 -137.19  -61.47
  288 -101.13 -136.12  -66.14
  289 -101.99 -134.85  -69.13
  290 -103.06 -132.88  -73.23
  291 -102.64 -130.11  -75.16
  292 -101.57 -130.04  -73.10
  293 -101.23 -129.85  -72.61
  294 -102.47 -129.68  -75.25
  295  -99.95 -129.69  -70.22
  296  -99.30 -130.42  -68.18
  297  -98.62 -133.12  -64.12
  298  -98.22 -132.86  -63.59
  299  -97.20 -137.21  -57.19
  300  -96.82 -138.21  -55.43
  301  -96.02 -137.29  -54.75
  302  -95.61 -140.23  -50.98
  303  -95.83 -140.21  -51.45
  304  -95.53 -137.75  -53.32
  305  -94.86 -134.90  -54.83
  306  -95.38 -134.96  -55.79
  307  -96.88 -134.50  -59.26
  308  -96.88 -133.59  -60.17
  309  -97.01 -131.90  -62.12
  310  -96.01 -131.93  -60.09
  311  -95.38 -134.58  -56.18
  312  -94.47 -135.33  -53.61
  313  -91.14 -134.32  -47.96
  314  -88.43 -133.63  -43.23
  315  -88.02 -132.10  -43.94
  316  -88.67 -131.06  -46.27
  317  -88.68 -128.40  -48.96
  318  -89.39 -127.24  -51.54
  319  -89.73 -124.05  -55.41
  320  -88.70 -123.28  -54.13
  321  -86.34 -119.51  -53.17
  322  -85.87 -120.17  -51.57
  323  -86.22 -120.84  -51.60
  324  -86.12 -119.81  -52.42
  325  -84.67 -118.21  -51.13
  326  -83.58 -118.82  -48.35
  327  -84.64 -118.67  -50.61
  328  -84.57 -116.37  -52.78
  329  -84.33 -115.82  -52.83
  330  -84.24 -115.50  -52.99
  331  -85.64 -116.50  -54.79
  332  -87.16 -117.76  -56.57
  333  -88.49 -117.82  -59.16
  334  -90.10 -117.79  -62.41
  335  -90.70 -119.63  -61.77
  336  -90.70 -122.50  -58.89
  337  -90.86 -123.07  -58.64
  338  -90.46 -123.84  -57.09
  339  -90.09 -125.07  -55.12
  340  -90.04 -127.50  -52.58
  341  -90.22 -127.14  -53.30
  342  -90.19 -126.05  -54.34
  343  -90.14 -124.72  -55.56
  344  -89.25 -126.71  -51.79
  345  -89.21 -126.37  -52.05
  346  -87.27 -127.48  -47.07
  347  -87.91 -126.83  -48.98
  348  -87.69 -126.86  -48.52
  349  -88.03 -123.98  -52.09
  350  -87.64 -121.52  -53.75
  351  -87.13 -117.79  -56.46
  352  -85.24 -118.45  -52.03
  353  -83.94 -118.79  -49.09
  354  -84.05 -119.50  -48.60
  355  -84.67 -116.13  -53.20
  356  -86.50 -116.00  -57.00
  357  -86.63 -116.11  -57.14
  358  -85.96 -119.08  -52.84
  359  -85.74 -119.17  -52.30
  360  -85.73 -119.87  -51.58
  361  -84.97 -122.14  -47.80
  362  -85.09 -123.50  -46.67
  363  -84.77 -128.12  -41.42
  364  -85.62 -128.68  -42.56
  365  -85.15 -130.36  -39.93
