# dag  regime      5%     95%
    1    2.29   -0.91    5.50
    2    2.38   -0.74    5.50
    3    2.38   -0.62    5.39
    4    2.53   -0.43    5.49
    5    2.51   -0.32    5.34
    6    2.37   -0.26    5.00
    7    2.28   -0.30    4.86
    8    2.18   -0.27    4.63
    9    2.10   -0.31    4.51
   10    2.13   -0.32    4.59
   11    2.00   -0.27    4.27
   12    1.95   -0.34    4.23
   13    1.91   -0.39    4.21
   14    1.84   -0.44    4.13
   15    1.79   -0.65    4.23
   16    1.73   -0.61    4.07
   17    1.75   -0.89    4.39
   18    1.87   -0.81    4.55
   19    1.87   -0.71    4.46
   20    1.94   -1.11    5.00
   21    1.97   -1.00    4.94
   22    1.96   -0.81    4.73
   23    1.94   -0.85    4.73
   24    1.98   -0.68    4.65
   25    2.06   -0.93    5.05
   26    1.96   -0.95    4.86
   27    2.01   -0.96    4.97
   28    1.98   -0.82    4.78
   29    1.88   -0.72    4.47
   30    1.87   -0.82    4.56
   31    1.83   -1.13    4.79
   32    1.77   -1.03    4.56
   33    1.77   -0.81    4.36
   34    1.71   -0.78    4.20
   35    1.72   -0.80    4.24
   36    1.73   -1.04    4.49
   37    1.75   -1.09    4.58
   38    1.81   -1.13    4.75
   39    1.69   -1.05    4.43
   40    1.76   -1.00    4.52
   41    1.71   -1.06    4.48
   42    1.76   -0.73    4.25
   43    1.63   -0.65    3.91
   44    1.52   -0.65    3.70
   45    1.48   -0.52    3.47
   46    1.46   -0.43    3.35
   47    1.35   -0.54    3.24
   48    1.32   -0.54    3.18
   49    1.29   -0.72    3.30
   50    1.21   -0.75    3.17
   51    1.11   -0.73    2.95
   52    1.10   -0.88    3.09
   53    1.03   -0.92    2.98
   54    0.99   -0.92    2.89
   55    1.03   -1.09    3.15
   56    1.07   -1.26    3.40
   57    1.05   -1.14    3.24
   58    1.07   -1.13    3.27
   59    1.21   -1.18    3.59
   60    1.38   -1.14    3.90
   61    1.42   -1.09    3.93
   62    1.30   -1.05    3.65
   63    1.25   -1.06    3.56
   64    1.28   -1.17    3.73
   65    1.30   -1.42    4.02
   66    1.30   -1.29    3.89
   67    1.25   -1.31    3.80
   68    1.26   -1.04    3.56
   69    1.30   -1.07    3.67
   70    1.32   -1.20    3.84
   71    1.29   -1.15    3.73
   72    1.17   -1.26    3.61
   73    1.12   -1.21    3.45
   74    1.04   -1.14    3.22
   75    0.96   -1.00    2.93
   76    1.01   -0.91    2.92
   77    1.01   -0.96    2.98
   78    1.02   -0.96    3.01
   79    1.03   -1.08    3.15
   80    0.97   -1.08    3.03
   81    0.98   -1.06    3.03
   82    1.00   -1.15    3.15
   83    1.02   -1.26    3.31
   84    1.03   -1.22    3.28
   85    0.99   -1.14    3.12
   86    1.00   -1.07    3.08
   87    0.97   -0.93    2.88
   88    0.91   -1.00    2.83
   89    0.87   -1.01    2.74
   90    0.80   -1.00    2.61
   91    0.75   -1.04    2.54
   92    0.67   -0.93    2.26
   93    0.65   -0.94    2.24
   94    0.63   -0.83    2.08
   95    0.66   -0.81    2.14
   96    0.67   -0.93    2.26
   97    0.64   -1.04    2.32
   98    0.55   -1.07    2.17
   99    0.52   -1.11    2.15
  100    0.45   -1.05    1.95
  101    0.43   -1.01    1.86
  102    0.41   -1.01    1.83
  103    0.38   -0.99    1.76
  104    0.40   -0.88    1.67
  105    0.36   -0.77    1.49
  106    0.35   -0.63    1.33
  107    0.32   -0.53    1.16
  108    0.27   -0.51    1.04
  109    0.21   -0.47    0.89
  110    0.21   -0.76    1.17
  111    0.14   -0.66    0.94
  112    0.15   -0.58    0.87
  113    0.12   -0.52    0.77
  114    0.15   -0.59    0.89
  115    0.22   -0.75    1.19
  116    0.24   -0.83    1.32
  117    0.25   -0.76    1.26
  118    0.23   -0.80    1.26
  119    0.17   -0.67    1.00
  120    0.22   -0.96    1.41
  121    0.23   -0.97    1.43
  122    0.23   -1.02    1.48
  123    0.22   -0.91    1.34
  124    0.22   -0.93    1.36
  125    0.20   -0.78    1.18
  126    0.20   -0.80    1.20
  127    0.16   -0.64    0.96
  128    0.20   -0.79    1.20
  129    0.16   -0.69    1.02
  130    0.17   -0.82    1.16
  131    0.16   -0.83    1.14
  132    0.13   -0.66    0.91
  133    0.13   -0.59    0.85
  134    0.25   -0.99    1.48
  135    0.20   -0.96    1.37
  136    0.22   -1.04    1.49
  137    0.21   -0.99    1.42
  138    0.21   -0.91    1.34
  139    0.24   -0.92    1.40
  140    0.36   -1.38    2.10
  141    0.35   -1.39    2.08
  142    0.33   -1.22    1.88
  143    0.32   -1.11    1.76
  144    0.34   -1.18    1.85
  145    0.41   -1.28    2.09
  146    0.36   -1.12    1.84
  147    0.37   -1.03    1.77
  148    0.34   -1.06    1.74
  149    0.24   -0.94    1.42
  150    0.16   -0.72    1.04
  151    0.16   -0.77    1.09
  152    0.15   -0.81    1.11
  153    0.15   -0.75    1.05
  154    0.15   -0.69    1.00
  155    0.15   -0.54    0.85
  156    0.16   -0.68    1.00
  157    0.25   -0.89    1.39
  158    0.31   -0.75    1.38
  159    0.34   -0.93    1.61
  160    0.33   -1.03    1.69
  161    0.34   -1.12    1.79
  162    0.26   -0.97    1.50
  163    0.22   -0.77    1.22
  164    0.24   -0.82    1.30
  165    0.23   -0.86    1.32
  166    0.22   -0.89    1.33
  167    0.23   -0.94    1.41
  168    0.21   -0.78    1.19
  169    0.21   -0.77    1.18
  170    0.16   -0.59    0.92
  171    0.13   -0.57    0.82
  172    0.17   -0.72    1.07
  173    0.21   -0.75    1.18
  174    0.35   -1.23    1.92
  175    0.38   -1.18    1.94
  176    0.45   -1.22    2.13
  177    0.53   -1.56    2.61
  178    0.45   -1.38    2.27
  179    0.56   -1.29    2.41
  180    0.49   -1.17    2.15
  181    0.54   -1.42    2.50
  182    0.45   -1.24    2.14
  183    0.40   -1.06    1.85
  184    0.32   -1.14    1.79
  185    0.34   -1.09    1.78
  186    0.31   -1.17    1.80
  187    0.38   -1.40    2.16
  188    0.35   -1.31    2.02
  189    0.38   -1.30    2.06
  190    0.39   -1.32    2.10
  191    0.40   -1.30    2.10
  192    0.40   -1.17    1.97
  193    0.46   -1.25    2.18
  194    0.54   -1.61    2.69
  195    0.54   -1.47    2.55
  196    0.56   -1.50    2.61
  197    0.55   -1.60    2.69
  198    0.57   -1.62    2.75
  199    0.58   -1.70    2.86
  200    0.60   -1.64    2.85
  201    0.54   -1.53    2.61
  202    0.47   -1.42    2.35
  203    0.48   -1.57    2.53
  204    0.43   -1.37    2.23
  205    0.43   -1.25    2.11
  206    0.39   -1.26    2.05
  207    0.52   -1.36    2.40
  208    0.43   -1.15    2.00
  209    0.39   -1.02    1.80
  210    0.49   -1.28    2.26
  211    0.45   -1.27    2.16
  212    0.41   -1.13    1.96
  213    0.32   -0.99    1.62
  214    0.26   -0.88    1.39
  215    0.25   -0.94    1.43
  216    0.29   -1.06    1.65
  217    0.31   -1.00    1.62
  218    0.27   -0.95    1.50
  219    0.33   -0.86    1.51
  220    0.30   -0.79    1.39
  221    0.31   -0.91    1.53
  222    0.30   -0.80    1.40
  223    0.36   -0.99    1.72
  224    0.35   -1.15    1.85
  225    0.35   -0.96    1.65
  226    0.27   -0.86    1.41
  227    0.24   -0.93    1.41
  228    0.19   -0.77    1.15
  229    0.18   -0.64    1.00
  230    0.20   -0.71    1.10
  231    0.37   -1.39    2.14
  232    0.45   -1.47    2.37
  233    0.56   -1.74    2.86
  234    0.54   -1.59    2.67
  235    0.52   -1.60    2.64
  236    0.55   -1.50    2.61
  237    0.52   -1.49    2.53
  238    0.50   -1.41    2.41
  239    0.58   -1.69    2.86
  240    0.56   -1.61    2.72
  241    0.54   -1.51    2.60
  242    0.50   -1.38    2.38
  243    0.45   -1.28    2.19
  244    0.41   -1.09    1.91
  245    0.65   -1.17    2.48
  246    0.70   -1.23    2.63
  247    0.64   -1.08    2.36
  248    0.54   -0.95    2.03
  249    0.49   -0.91    1.89
  250    0.61   -1.03    2.25
  251    0.63   -1.10    2.36
  252    0.65   -1.03    2.33
  253    0.60   -1.08    2.28
  254    0.57   -0.95    2.10
  255    0.67   -0.97    2.31
  256    0.79   -1.12    2.71
  257    0.94   -1.65    3.53
  258    0.93   -1.76    3.62
  259    0.96   -1.70    3.62
  260    0.83   -1.56    3.23
  261    0.78   -1.58    3.14
  262    0.77   -1.48    3.01
  263    0.77   -1.50    3.04
  264    0.83   -2.18    3.83
  265    0.79   -1.99    3.57
  266    0.78   -1.80    3.37
  267    0.85   -1.76    3.46
  268    0.90   -1.56    3.36
  269    0.96   -1.96    3.87
  270    0.98   -1.80    3.76
  271    1.02   -1.61    3.66
  272    1.08   -1.50    3.67
  273    1.15   -1.36    3.66
  274    1.15   -1.55    3.85
  275    1.19   -1.86    4.25
  276    1.08   -1.70    3.86
  277    1.16   -1.76    4.08
  278    1.26   -1.56    4.07
  279    1.33   -1.22    3.88
  280    1.47   -1.04    3.99
  281    1.50   -1.21    4.20
  282    1.47   -1.06    4.01
  283    1.41   -1.04    3.87
  284    1.39   -1.11    3.89
  285    1.33   -0.98    3.64
  286    1.25   -1.15    3.65
  287    1.25   -1.08    3.58
  288    1.14   -0.94    3.23
  289    1.10   -0.82    3.01
  290    1.02   -0.71    2.75
  291    1.02   -0.65    2.69
  292    1.09   -0.63    2.81
  293    1.12   -0.61    2.85
  294    1.02   -0.63    2.68
  295    1.19   -0.65    3.02
  296    1.23   -0.69    3.15
  297    1.28   -0.85    3.40
  298    1.32   -0.84    3.47
  299    1.36   -1.19    3.92
  300    1.37   -1.34    4.08
  301    1.43   -1.26    4.12
  302    1.46   -1.44    4.37
  303    1.44   -1.46    4.34
  304    1.46   -1.30    4.22
  305    1.48   -1.17    4.13
  306    1.45   -1.19    4.08
  307    1.35   -1.13    3.84
  308    1.35   -1.06    3.77
  309    1.33   -0.98    3.65
  310    1.41   -0.97    3.79
  311    1.45   -1.14    4.05
  312    1.51   -1.20    4.22
  313    1.74   -1.10    4.57
  314    1.91   -1.06    4.89
  315    1.95   -0.95    4.86
  316    1.92   -0.84    4.67
  317    1.92   -0.68    4.51
  318    1.84   -0.63    4.32
  319    1.83   -0.44    4.09
  320    1.90   -0.37    4.17
  321    2.06   -0.10    4.22
  322    2.09   -0.15    4.32
  323    2.06   -0.24    4.35
  324    2.06   -0.16    4.28
  325    2.16   -0.07    4.39
  326    2.23   -0.10    4.57
  327    2.17   -0.04    4.39
  328    2.16    0.06    4.25
  329    2.18    0.09    4.28
  330    2.19    0.09    4.29
  331    2.09    0.01    4.16
  332    1.99   -0.08    4.06
  333    1.91   -0.05    3.87
  334    1.80   -0.04    3.63
  335    1.75   -0.19    3.69
  336    1.76   -0.35    3.87
  337    1.73   -0.42    3.89
  338    1.78   -0.45    4.00
  339    1.79   -0.54    4.12
  340    1.80   -0.69    4.29
  341    1.79   -0.67    4.25
  342    1.79   -0.60    4.18
  343    1.79   -0.50    4.08
  344    1.85   -0.65    4.35
  345    1.85   -0.62    4.33
  346    1.99   -0.67    4.64
  347    1.94   -0.64    4.53
  348    1.96   -0.63    4.55
  349    1.94   -0.43    4.30
  350    1.95   -0.28    4.19
  351    1.99   -0.03    4.00
  352    2.12   -0.09    4.33
  353    2.22   -0.09    4.53
  354    2.21   -0.14    4.55
  355    2.16    0.07    4.25
  356    2.03    0.08    3.97
  357    2.03    0.07    3.99
  358    2.07   -0.13    4.27
  359    2.08   -0.14    4.29
  360    2.09   -0.21    4.38
  361    2.14   -0.34    4.62
  362    2.12   -0.44    4.67
  363    2.15   -0.74    5.04
  364    2.08   -0.81    4.97
  365    2.12   -0.87    5.12
