# dag  regime      5%     95%
    1    2.61   -1.81    7.02
    2    2.71   -1.44    6.85
    3    2.70   -1.07    6.47
    4    2.95   -0.92    6.81
    5    2.86   -0.76    6.48
    6    2.58   -0.59    5.76
    7    2.41   -0.60    5.42
    8    2.23   -0.52    4.98
    9    2.12   -0.65    4.89
   10    2.19   -0.89    5.27
   11    1.97   -0.64    4.59
   12    1.90   -0.74    4.55
   13    1.84   -0.91    4.60
   14    1.78   -0.99    4.55
   15    1.70   -1.38    4.79
   16    1.62   -1.29    4.53
   17    1.71   -1.95    5.36
   18    1.97   -1.70    5.64
   19    2.00   -1.47    5.47
   20    2.11   -2.44    6.66
   21    2.12   -1.76    6.00
   22    2.09   -1.42    5.60
   23    2.06   -1.40    5.53
   24    2.12   -1.18    5.42
   25    2.27   -1.74    6.27
   26    2.06   -1.50    5.62
   27    2.15   -1.59    5.90
   28    2.10   -1.33    5.53
   29    1.93   -1.07    4.92
   30    1.93   -1.26    5.12
   31    1.87   -1.76    5.50
   32    1.77   -1.48    5.01
   33    1.81   -1.16    4.78
   34    1.72   -1.06    4.51
   35    1.76   -1.17    4.68
   36    1.81   -1.58    5.20
   37    1.83   -1.58    5.24
   38    1.96   -1.73    5.65
   39    1.74   -1.50    4.98
   40    1.89   -1.48    5.26
   41    1.81   -1.50    5.12
   42    1.92   -1.14    4.97
   43    1.69   -1.03    4.40
   44    1.52   -1.00    4.04
   45    1.48   -0.77    3.74
   46    1.48   -0.71    3.66
   47    1.31   -0.80    3.42
   48    1.33   -1.02    3.68
   49    1.29   -1.25    3.82
   50    1.17   -1.24    3.57
   51    1.05   -1.05    3.14
   52    1.05   -1.32    3.42
   53    0.95   -1.34    3.24
   54    0.91   -1.18    2.99
   55    1.01   -1.68    3.70
   56    1.13   -1.91    4.16
   57    1.09   -1.65    3.83
   58    1.16   -1.61    3.93
   59    1.41   -1.79    4.62
   60    1.75   -1.79    5.28
   61    1.79   -1.69    5.28
   62    1.54   -1.57    4.66
   63    1.46   -1.49    4.42
   64    1.52   -1.69    4.73
   65    1.54   -2.20    5.27
   66    1.55   -1.95    5.05
   67    1.43   -1.87    4.73
   68    1.45   -1.35    4.25
   69    1.52   -1.70    4.73
   70    1.56   -2.27    5.39
   71    1.48   -2.02    4.98
   72    1.28   -2.09    4.66
   73    1.18   -1.85    4.21
   74    1.05   -1.64    3.74
   75    0.95   -1.29    3.19
   76    1.07   -1.11    3.24
   77    1.07   -1.31    3.45
   78    1.12   -1.30    3.54
   79    1.17   -1.65    3.99
   80    1.06   -1.62    3.75
   81    1.09   -1.72    3.90
   82    1.16   -1.75    4.07
   83    1.22   -1.82    4.26
   84    1.25   -1.56    4.06
   85    1.16   -1.51    3.83
   86    1.22   -1.41    3.85
   87    1.16   -1.18    3.49
   88    1.06   -1.43    3.55
   89    0.96   -1.45    3.38
   90    0.85   -1.45    3.16
   91    0.78   -1.58    3.14
   92    0.68   -1.31    2.66
   93    0.67   -1.34    2.68
   94    0.70   -1.17    2.56
   95    0.78   -1.16    2.72
   96    0.78   -1.40    2.97
   97    0.77   -1.52    3.05
   98    0.62   -1.36    2.60
   99    0.60   -1.42    2.62
  100    0.49   -1.24    2.23
  101    0.49   -1.20    2.18
  102    0.49   -1.23    2.20
  103    0.45   -1.19    2.09
  104    0.49   -1.03    2.01
  105    0.41   -0.88    1.70
  106    0.38   -0.69    1.45
  107    0.39   -0.67    1.46
  108    0.29   -0.79    1.37
  109    0.22   -0.68    1.13
  110    0.23   -1.03    1.50
  111    0.18   -0.81    1.18
  112    0.20   -0.98    1.38
  113    0.17   -0.72    1.06
  114    0.21   -0.78    1.20
  115    0.37   -1.16    1.90
  116    0.38   -1.18    1.94
  117    0.37   -1.23    1.98
  118    0.35   -1.28    1.97
  119    0.23   -1.03    1.49
  120    0.38   -1.43    2.20
  121    0.42   -1.34    2.18
  122    0.39   -1.35    2.14
  123    0.32   -1.27    1.91
  124    0.33   -1.38    2.04
  125    0.32   -1.14    1.79
  126    0.32   -1.09    1.73
  127    0.25   -0.80    1.31
  128    0.32   -1.21    1.85
  129    0.25   -0.96    1.45
  130    0.29   -1.11    1.70
  131    0.35   -1.14    1.84
  132    0.27   -0.85    1.38
  133    0.29   -1.04    1.62
  134    0.52   -2.08    3.12
  135    0.42   -1.73    2.56
  136    0.43   -1.87    2.72
  137    0.39   -1.50    2.28
  138    0.43   -1.32    2.17
  139    0.45   -1.39    2.30
  140    0.74   -2.05    3.53
  141    0.63   -2.04    3.30
  142    0.63   -1.73    2.98
  143    0.57   -1.56    2.70
  144    0.57   -1.60    2.75
  145    0.72   -1.95    3.40
  146    0.64   -1.59    2.87
  147    0.62   -1.79    3.03
  148    0.57   -1.73    2.87
  149    0.39   -1.31    2.10
  150    0.26   -0.85    1.38
  151    0.27   -0.86    1.40
  152    0.32   -0.98    1.61
  153    0.32   -1.03    1.66
  154    0.43   -1.10    1.95
  155    0.39   -1.29    2.07
  156    0.39   -1.74    2.52
  157    0.63   -1.94    3.20
  158    0.75   -1.62    3.13
  159    0.74   -1.75    3.24
  160    0.70   -1.78    3.17
  161    0.65   -1.91    3.21
  162    0.53   -1.57    2.63
  163    0.46   -1.25    2.17
  164    0.44   -1.24    2.12
  165    0.43   -1.27    2.14
  166    0.39   -1.25    2.03
  167    0.42   -1.42    2.26
  168    0.35   -1.07    1.77
  169    0.31   -1.22    1.84
  170    0.30   -1.08    1.68
  171    0.26   -1.00    1.52
  172    0.33   -1.27    1.93
  173    0.46   -1.47    2.40
  174    0.70   -2.26    3.67
  175    0.74   -2.07    3.55
  176    0.82   -2.13    3.77
  177    0.91   -2.46    4.27
  178    0.72   -1.99    3.43
  179    1.00   -1.87    3.86
  180    0.83   -1.64    3.30
  181    0.94   -2.06    3.93
  182    0.75   -1.68    3.17
  183    0.58   -1.52    2.68
  184    0.48   -1.63    2.60
  185    0.62   -1.74    2.98
  186    0.53   -1.78    2.85
  187    0.68   -2.23    3.58
  188    0.73   -1.81    3.28
  189    0.70   -1.66    3.05
  190    0.76   -1.74    3.25
  191    0.71   -1.68    3.10
  192    0.71   -1.42    2.84
  193    0.75   -1.87    3.36
  194    0.92   -2.37    4.22
  195    0.84   -2.14    3.82
  196    0.84   -2.07    3.75
  197    0.84   -2.18    3.86
  198    0.80   -2.22    3.82
  199    0.82   -2.36    4.01
  200    0.83   -2.18    3.84
  201    0.71   -1.97    3.39
  202    0.62   -1.64    2.88
  203    0.65   -1.99    3.28
  204    0.62   -1.71    2.96
  205    0.63   -1.79    3.05
  206    0.55   -1.74    2.84
  207    0.82   -2.31    3.95
  208    0.61   -1.75    2.97
  209    0.53   -1.57    2.64
  210    0.75   -2.08    3.59
  211    0.66   -2.00    3.33
  212    0.65   -1.80    3.10
  213    0.47   -1.39    2.33
  214    0.37   -1.23    1.96
  215    0.37   -1.31    2.04
  216    0.49   -1.57    2.56
  217    0.48   -1.45    2.41
  218    0.42   -1.29    2.12
  219    0.52   -1.27    2.31
  220    0.44   -1.02    1.90
  221    0.48   -1.25    2.22
  222    0.44   -1.04    1.92
  223    0.59   -1.98    3.16
  224    0.51   -2.36    3.37
  225    0.55   -1.97    3.07
  226    0.41   -1.62    2.44
  227    0.37   -1.62    2.37
  228    0.30   -1.18    1.78
  229    0.36   -1.25    1.98
  230    0.42   -1.26    2.10
  231    0.78   -2.34    3.90
  232    0.97   -2.38    4.33
  233    1.10   -2.84    5.05
  234    0.94   -2.41    4.29
  235    0.83   -2.48    4.13
  236    0.86   -2.28    3.99
  237    0.79   -2.13    3.71
  238    0.92   -1.80    3.64
  239    1.06   -2.53    4.65
  240    1.00   -2.40    4.39
  241    0.90   -2.13    3.92
  242    0.77   -1.90    3.43
  243    0.67   -1.66    3.00
  244    0.69   -1.30    2.68
  245    1.19   -1.66    4.04
  246    1.19   -1.98    4.37
  247    1.02   -1.67    3.72
  248    0.81   -1.48    3.10
  249    0.74   -1.35    2.83
  250    1.04   -1.79    3.86
  251    1.04   -1.92    4.01
  252    1.08   -1.82    3.98
  253    0.92   -1.76    3.60
  254    0.90   -1.39    3.18
  255    1.11   -1.36    3.58
  256    1.30   -1.77    4.36
  257    1.58   -2.69    5.85
  258    1.48   -2.53    5.49
  259    1.46   -2.35    5.27
  260    1.19   -2.04    4.42
  261    1.05   -1.95    4.05
  262    1.06   -1.83    3.96
  263    1.05   -1.88    3.98
  264    1.14   -3.18    5.45
  265    0.95   -2.23    4.12
  266    0.93   -2.09    3.95
  267    1.08   -2.19    4.36
  268    1.19   -1.94    4.32
  269    1.25   -2.42    4.92
  270    1.25   -2.16    4.65
  271    1.34   -2.05    4.73
  272    1.46   -1.89    4.80
  273    1.57   -1.71    4.85
  274    1.54   -1.90    4.98
  275    1.61   -2.59    5.80
  276    1.33   -1.97    4.62
  277    1.47   -2.35    5.28
  278    1.63   -1.83    5.08
  279    1.84   -1.34    5.01
  280    2.05   -1.29    5.39
  281    2.05   -1.64    5.74
  282    1.95   -1.47    5.38
  283    1.79   -1.37    4.95
  284    1.71   -1.46    4.89
  285    1.61   -1.40    4.62
  286    1.50   -1.53    4.53
  287    1.50   -1.56    4.55
  288    1.30   -1.24    3.84
  289    1.18   -1.09    3.45
  290    1.06   -0.97    3.09
  291    1.10   -0.83    3.04
  292    1.24   -1.14    3.62
  293    1.29   -1.09    3.68
  294    1.12   -1.08    3.32
  295    1.44   -1.22    4.10
  296    1.53   -1.37    4.42
  297    1.58   -1.71    4.88
  298    1.61   -1.62    4.84
  299    1.70   -2.18    5.58
  300    1.69   -2.30    5.69
  301    1.78   -2.12    5.68
  302    1.81   -2.40    6.01
  303    1.75   -2.35    5.85
  304    1.76   -1.95    5.47
  305    1.81   -1.62    5.23
  306    1.73   -1.58    5.03
  307    1.53   -1.42    4.49
  308    1.54   -1.36    4.43
  309    1.51   -1.27    4.29
  310    1.63   -1.38    4.65
  311    1.71   -1.82    5.24
  312    1.80   -1.88    5.48
  313    2.19   -1.86    6.23
  314    2.47   -1.79    6.73
  315    2.46   -1.60    6.53
  316    2.33   -1.29    5.95
  317    2.31   -0.93    5.54
  318    2.16   -0.90    5.22
  319    2.09   -0.58    4.76
  320    2.20   -0.61    5.01
  321    2.47   -0.34    5.28
  322    2.50   -0.59    5.58
  323    2.40   -0.67    5.48
  324    2.39   -0.56    5.34
  325    2.54   -0.65    5.73
  326    2.64   -0.90    6.18
  327    2.46   -0.82    5.75
  328    2.45   -0.48    5.37
  329    2.46   -0.29    5.21
  330    2.45   -0.52    5.42
  331    2.26   -0.53    5.04
  332    2.07   -0.60    4.73
  333    1.92   -0.64    4.48
  334    1.74   -0.53    4.02
  335    1.69   -0.78    4.17
  336    1.74   -1.13    4.60
  337    1.75   -1.06    4.57
  338    1.82   -1.07    4.71
  339    1.89   -1.29    5.08
  340    1.90   -1.62    5.41
  341    1.90   -1.58    5.38
  342    1.91   -1.47    5.28
  343    1.92   -1.31    5.15
  344    2.04   -1.47    5.55
  345    2.05   -1.40    5.49
  346    2.28   -1.64    6.20
  347    2.17   -1.54    5.88
  348    2.19   -1.53    5.92
  349    2.15   -1.16    5.46
  350    2.18   -0.80    5.15
  351    2.22   -0.51    4.96
  352    2.44   -0.72    5.60
  353    2.58   -0.91    6.07
  354    2.53   -1.01    6.08
  355    2.42   -0.58    5.43
  356    2.20   -0.47    4.87
  357    2.17   -0.37    4.71
  358    2.26   -0.67    5.19
  359    2.29   -0.64    5.22
  360    2.27   -0.88    5.43
  361    2.36   -1.11    5.82
  362    2.33   -1.24    5.90
  363    2.37   -1.75    6.48
  364    2.25   -1.66    6.17
  365    2.30   -1.79    6.40
