# dag  regime      5%     95%
    1  -75.24 -129.15  -21.33
    2  -73.89 -124.42  -23.36
    3  -74.00 -120.14  -27.85
    4  -71.03 -118.17  -23.90
    5  -72.09 -116.29  -27.89
    6  -75.52 -114.37  -36.68
    7  -77.56 -114.54  -40.58
    8  -79.95 -113.39  -46.50
    9  -81.24 -115.24  -47.24
   10  -80.42 -118.11  -42.73
   11  -83.02 -115.05  -50.99
   12  -83.88 -116.26  -51.51
   13  -84.59 -118.39  -50.79
   14  -85.43 -119.58  -51.27
   15  -86.51 -124.58  -48.44
   16  -87.51 -123.48  -51.54
   17  -86.40 -131.09  -41.71
   18  -83.12 -128.02  -38.22
   19  -82.65 -125.36  -39.94
   20  -82.07 -132.55  -31.58
   21  -81.21 -128.84  -33.59
   22  -81.56 -124.62  -38.49
   23  -81.96 -124.27  -39.65
   24  -81.19 -121.72  -40.67
   25  -79.65 -126.12  -33.18
   26  -81.98 -125.52  -38.44
   27  -80.85 -126.79  -34.91
   28  -81.57 -123.59  -39.55
   29  -83.76 -120.72  -46.79
   30  -83.58 -123.33  -43.82
   31  -84.49 -129.60  -39.38
   32  -85.72 -126.21  -45.23
   33  -85.28 -122.51  -48.05
   34  -86.28 -121.10  -51.47
   35  -85.66 -122.18  -49.15
   36  -85.09 -127.14  -43.04
   37  -84.81 -127.02  -42.61
   38  -83.38 -129.03  -37.73
   39  -86.09 -126.14  -46.04
   40  -84.18 -126.18  -42.17
   41  -85.20 -126.10  -44.30
   42  -83.81 -121.26  -46.35
   43  -86.59 -120.52  -52.66
   44  -88.80 -120.38  -57.22
   45  -89.27 -117.69  -60.85
   46  -89.41 -117.03  -61.79
   47  -91.61 -118.73  -64.49
   48  -91.51 -121.70  -61.33
   49  -92.16 -125.29  -59.03
   50  -93.73 -125.07  -62.39
   51  -95.28 -122.90  -67.66
   52  -95.19 -126.45  -63.93
   53  -96.51 -126.64  -66.39
   54  -97.30 -125.70  -68.90
   55  -95.95 -130.95  -60.95
   56  -94.85 -134.32  -55.39
   57  -94.89 -130.36  -59.41
   58  -93.87 -129.38  -58.36
   59  -90.53 -131.25  -49.81
   60  -86.30 -130.44  -42.15
   61  -85.91 -130.29  -41.53
   62  -88.94 -128.33  -49.54
   63  -90.09 -127.79  -52.40
   64  -89.14 -129.58  -48.71
   65  -89.00 -135.99  -42.01
   66  -88.92 -133.30  -44.53
   67  -90.55 -132.69  -48.41
   68  -90.68 -127.79  -53.58
   69  -90.05 -132.38  -47.73
   70  -89.88 -139.00  -40.76
   71  -90.90 -137.01  -44.79
   72  -92.75 -136.62  -48.88
   73  -94.30 -134.24  -54.36
   74  -95.82 -131.96  -59.69
   75  -97.13 -127.74  -66.52
   76  -95.80 -126.50  -65.09
   77  -95.31 -127.48  -63.15
   78  -94.98 -128.26  -61.69
   79  -95.10 -133.83  -56.36
   80  -96.57 -133.98  -59.17
   81  -96.20 -135.01  -57.40
   82  -94.96 -134.24  -55.68
   83  -94.64 -136.30  -52.97
   84  -94.51 -134.40  -54.61
   85  -95.82 -134.35  -57.29
   86  -95.23 -133.97  -56.50
   87  -96.28 -132.80  -59.76
   88  -98.18 -136.76  -59.61
   89 -100.24 -138.96  -61.52
   90 -101.38 -138.06  -64.70
   91 -102.71 -140.13  -65.28
   92 -104.18 -137.58  -70.79
   93 -103.45 -136.26  -70.65
   94 -103.36 -135.83  -70.90
   95 -102.72 -136.93  -68.50
   96 -102.37 -138.27  -66.47
   97 -103.01 -140.35  -65.67
   98 -105.40 -139.74  -71.06
   99 -106.04 -140.61  -71.47
  100 -108.00 -140.28  -75.71
  101 -108.94 -141.04  -76.84
  102 -109.44 -142.24  -76.64
  103 -110.06 -143.12  -77.00
  104 -109.69 -143.66  -75.73
  105 -111.32 -143.75  -78.89
  106 -112.20 -143.94  -80.46
  107 -111.11 -143.03  -79.19
  108 -112.73 -143.24  -82.22
  109 -114.27 -142.98  -85.57
  110 -115.47 -147.01  -83.93
  111 -117.19 -146.48  -87.90
  112 -117.95 -149.26  -86.65
  113 -119.95 -149.02  -90.88
  114 -119.75 -151.14  -88.35
  115 -116.31 -153.98  -78.64
  116 -116.31 -154.82  -77.80
  117 -115.16 -152.08  -78.24
  118 -115.42 -152.53  -78.31
  119 -117.17 -150.66  -83.68
  120 -115.63 -154.59  -76.68
  121 -115.94 -155.79  -76.09
  122 -116.60 -157.22  -75.99
  123 -117.82 -156.69  -78.96
  124 -118.23 -159.12  -77.34
  125 -116.76 -154.67  -78.84
  126 -116.92 -153.39  -80.44
  127 -118.07 -152.16  -83.98
  128 -118.84 -156.59  -81.09
  129 -119.81 -154.85  -84.77
  130 -119.81 -158.50  -81.12
  131 -120.74 -162.28  -79.20
  132 -122.20 -161.32  -83.09
  133 -122.67 -163.60  -81.74
  134 -118.46 -172.27  -64.65
  135 -119.68 -167.48  -71.87
  136 -118.43 -166.65  -70.21
  137 -117.80 -161.69  -73.92
  138 -117.78 -162.56  -73.00
  139 -117.90 -163.97  -71.83
  140 -115.09 -172.74  -57.44
  141 -116.07 -170.87  -61.28
  142 -116.37 -169.80  -62.94
  143 -117.88 -168.99  -66.76
  144 -117.55 -168.73  -66.37
  145 -115.77 -172.89  -58.66
  146 -115.38 -168.49  -62.28
  147 -115.67 -169.66  -61.69
  148 -117.26 -169.85  -64.66
  149 -120.23 -165.25  -75.22
  150 -120.03 -158.14  -81.92
  151 -122.27 -160.79  -83.76
  152 -120.69 -159.78  -81.60
  153 -117.59 -154.52  -80.65
  154 -112.08 -150.54  -73.62
  155 -113.27 -153.07  -73.48
  156 -115.30 -159.28  -71.31
  157 -110.12 -157.76  -62.48
  158 -108.74 -156.46  -61.02
  159 -110.07 -160.36  -59.78
  160 -111.86 -163.30  -60.43
  161 -112.68 -163.08  -62.29
  162 -115.07 -161.00  -69.14
  163 -116.28 -159.29  -73.27
  164 -116.28 -157.84  -74.72
  165 -116.29 -158.32  -74.26
  166 -117.06 -158.06  -76.07
  167 -117.91 -161.99  -73.83
  168 -118.87 -159.99  -77.75
  169 -119.26 -160.55  -77.97
  170 -119.60 -160.57  -78.63
  171 -120.13 -157.65  -82.61
  172 -118.21 -159.29  -77.13
  173 -115.96 -159.16  -72.76
  174 -114.16 -170.06  -58.26
  175 -113.78 -169.28  -58.28
  176 -113.97 -172.52  -55.42
  177 -112.87 -176.15  -49.59
  178 -114.64 -171.05  -58.22
  179 -109.27 -170.23  -48.31
  180 -109.76 -164.00  -55.53
  181 -108.53 -169.45  -47.61
  182 -111.26 -167.20  -55.31
  183 -112.57 -162.51  -62.63
  184 -113.14 -160.27  -66.01
  185 -111.47 -160.66  -62.28
  186 -113.30 -161.24  -65.37
  187 -111.29 -165.35  -57.23
  188 -110.16 -161.42  -58.90
  189 -110.35 -158.92  -61.77
  190 -109.81 -160.69  -58.92
  191 -109.94 -158.39  -61.49
  192 -110.90 -158.96  -62.84
  193 -110.89 -163.32  -58.45
  194 -109.73 -170.99  -48.47
  195 -111.43 -169.89  -52.97
  196 -111.96 -170.35  -53.57
  197 -109.54 -166.13  -52.96
  198 -109.54 -165.42  -53.65
  199 -110.95 -169.52  -52.37
  200 -111.42 -169.32  -53.51
  201 -112.87 -167.93  -57.80
  202 -112.77 -162.01  -63.53
  203 -113.16 -165.38  -60.93
  204 -112.12 -159.53  -64.71
  205 -111.64 -158.48  -64.81
  206 -114.45 -161.10  -67.81
  207 -110.61 -167.79  -53.43
  208 -113.22 -161.71  -64.74
  209 -115.11 -161.12  -69.09
  210 -111.49 -165.23  -57.75
  211 -113.15 -164.77  -61.53
  212 -112.79 -162.28  -63.30
  213 -116.51 -160.65  -72.36
  214 -119.56 -161.84  -77.28
  215 -120.69 -164.53  -76.85
  216 -118.39 -165.74  -71.04
  217 -120.06 -166.78  -73.34
  218 -120.90 -165.57  -76.23
  219 -119.06 -167.46  -70.65
  220 -120.33 -166.19  -74.48
  221 -118.40 -165.52  -71.29
  222 -117.16 -160.72  -73.59
  223 -114.65 -167.24  -62.06
  224 -116.57 -170.34  -62.80
  225 -116.30 -168.55  -64.05
  226 -117.63 -163.19  -72.06
  227 -118.97 -163.50  -74.44
  228 -119.04 -158.63  -79.46
  229 -118.90 -160.94  -76.87
  230 -118.40 -160.74  -76.06
  231 -111.13 -168.36  -53.90
  232 -107.46 -167.60  -47.32
  233 -105.40 -168.24  -42.57
  234 -107.08 -164.90  -49.27
  235 -108.33 -164.37  -52.29
  236 -106.19 -159.77  -52.61
  237 -106.84 -157.42  -56.27
  238 -103.07 -149.89  -56.25
  239 -101.32 -157.10  -45.54
  240 -102.77 -156.35  -49.19
  241 -104.25 -154.00  -54.51
  242 -105.90 -151.14  -60.66
  243 -106.48 -147.63  -65.34
  244 -105.78 -144.21  -67.35
  245  -98.84 -147.17  -50.52
  246  -99.21 -151.28  -47.13
  247 -101.10 -147.54  -54.66
  248 -104.10 -145.80  -62.40
  249 -104.32 -142.97  -65.68
  250 -101.29 -148.67  -53.91
  251 -101.00 -149.15  -52.85
  252 -100.56 -148.14  -52.98
  253 -102.64 -147.82  -57.46
  254 -102.28 -142.88  -61.68
  255  -99.10 -141.80  -56.39
  256  -97.06 -146.39  -47.73
  257  -92.46 -149.21  -35.71
  258  -93.17 -149.39  -36.94
  259  -93.61 -148.24  -38.98
  260  -97.38 -145.43  -49.34
  261  -98.47 -142.65  -54.30
  262  -98.11 -140.98  -55.23
  263  -99.16 -143.58  -54.75
  264  -98.86 -148.39  -49.32
  265  -99.73 -145.00  -54.45
  266  -99.93 -143.65  -56.22
  267  -98.46 -145.99  -50.93
  268  -97.28 -143.67  -50.89
  269  -96.40 -148.39  -44.41
  270  -96.18 -145.50  -46.86
  271  -94.49 -142.53  -46.45
  272  -92.81 -140.62  -45.01
  273  -91.19 -138.17  -44.21
  274  -91.40 -139.49  -43.32
  275  -90.81 -144.45  -37.18
  276  -94.08 -140.25  -47.92
  277  -92.25 -144.48  -40.02
  278  -88.99 -135.45  -42.53
  279  -84.93 -124.91  -44.96
  280  -82.33 -124.18  -40.49
  281  -82.53 -128.75  -36.31
  282  -84.21 -128.53  -39.89
  283  -86.50 -128.36  -44.64
  284  -87.70 -130.59  -44.82
  285  -89.19 -130.05  -48.33
  286  -90.63 -131.69  -49.57
  287  -90.83 -132.68  -48.97
  288  -93.50 -129.66  -57.34
  289  -94.61 -127.58  -61.63
  290  -95.92 -125.10  -66.75
  291  -94.95 -122.41  -67.50
  292  -93.11 -125.31  -60.92
  293  -92.51 -124.38  -60.64
  294  -94.32 -123.41  -65.22
  295  -90.40 -125.44  -55.35
  296  -89.54 -127.42  -51.65
  297  -88.68 -131.18  -46.19
  298  -88.31 -129.69  -46.93
  299  -87.01 -135.79  -38.24
  300  -86.77 -136.27  -37.26
  301  -85.86 -134.41  -37.30
  302  -85.57 -138.11  -33.04
  303  -86.23 -137.33  -35.13
  304  -86.05 -132.68  -39.41
  305  -85.29 -127.91  -42.68
  306  -86.35 -127.26  -45.43
  307  -88.78 -126.21  -51.35
  308  -88.77 -125.32  -52.21
  309  -88.95 -123.60  -54.30
  310  -87.43 -125.19  -49.66
  311  -86.57 -130.45  -42.68
  312  -85.34 -131.19  -39.49
  313  -80.57 -130.37  -30.78
  314  -77.05 -129.79  -24.32
  315  -77.17 -127.45  -26.88
  316  -78.86 -124.23  -33.49
  317  -79.35 -120.23  -38.47
  318  -80.84 -118.70  -42.98
  319  -81.63 -114.73  -48.52
  320  -80.29 -114.83  -45.75
  321  -77.02 -111.89  -42.15
  322  -76.78 -115.04  -38.51
  323  -77.78 -115.71  -39.86
  324  -77.98 -114.21  -41.75
  325  -76.12 -115.00  -37.24
  326  -74.90 -118.01  -31.79
  327  -76.96 -117.08  -36.83
  328  -77.14 -113.01  -41.27
  329  -77.03 -110.64  -43.42
  330  -77.12 -113.38  -40.86
  331  -79.42 -113.37  -45.47
  332  -81.74 -114.16  -49.33
  333  -83.59 -114.85  -52.33
  334  -85.75 -113.50  -57.99
  335  -86.24 -116.32  -56.17
  336  -85.83 -120.74  -50.91
  337  -85.74 -120.07  -51.41
  338  -84.85 -120.34  -49.35
  339  -84.07 -122.98  -45.17
  340  -83.85 -126.95  -40.76
  341  -84.00 -126.45  -41.56
  342  -83.86 -125.22  -42.49
  343  -83.68 -123.57  -43.79
  344  -82.27 -125.37  -39.17
  345  -82.24 -124.49  -39.99
  346  -79.39 -127.54  -31.23
  347  -80.58 -126.34  -34.82
  348  -80.38 -126.20  -34.56
  349  -81.03 -121.86  -40.21
  350  -80.49 -117.02  -43.95
  351  -79.86 -113.55  -46.18
  352  -77.17 -115.96  -38.39
  353  -75.55 -118.49  -32.61
  354  -76.12 -119.54  -32.70
  355  -77.38 -114.06  -40.69
  356  -80.34 -112.94  -47.73
  357  -80.54 -111.80  -49.29
  358  -79.51 -115.39  -43.63
  359  -79.23 -115.03  -43.42
  360  -79.27 -117.88  -40.65
  361  -78.18 -120.49  -35.87
  362  -78.49 -122.03  -34.96
  363  -78.12 -128.38  -27.87
  364  -79.65 -126.61  -32.69
  365  -79.04 -128.35  -29.73
