# dag  regime      5%     95%
    1    2.97   -2.35    8.29
    2    3.10   -1.74    7.95
    3    3.04   -1.23    7.31
    4    3.38   -1.23    7.99
    5    3.20   -1.04    7.44
    6    2.75   -0.71    6.21
    7    2.52   -0.70    5.74
    8    2.26   -0.53    5.05
    9    2.15   -0.90    5.20
   10    2.29   -1.43    6.00
   11    2.01   -0.87    4.89
   12    1.94   -0.97    4.85
   13    1.90   -1.28    5.07
   14    1.83   -1.40    5.06
   15    1.75   -1.90    5.40
   16    1.65   -1.68    4.99
   17    1.83   -2.70    6.36
   18    2.21   -2.06    6.48
   19    2.27   -1.74    6.28
   20    2.43   -3.26    8.12
   21    2.38   -2.04    6.79
   22    2.32   -1.60    6.25
   23    2.27   -1.57    6.11
   24    2.37   -1.47    6.21
   25    2.59   -2.30    7.48
   26    2.23   -1.70    6.16
   27    2.37   -1.93    6.67
   28    2.28   -1.58    6.14
   29    2.03   -1.22    5.27
   30    2.07   -1.65    5.79
   31    1.99   -2.23    6.20
   32    1.86   -1.74    5.45
   33    1.94   -1.46    5.33
   34    1.83   -1.26    4.93
   35    1.93   -1.51    5.36
   36    2.02   -2.02    6.06
   37    2.06   -1.81    5.93
   38    2.23   -2.06    6.52
   39    1.89   -1.65    5.42
   40    2.12   -1.79    6.04
   41    2.00   -1.76    5.76
   42    2.17   -1.47    5.82
   43    1.83   -1.38    5.05
   44    1.60   -1.29    4.49
   45    1.58   -1.02    4.18
   46    1.59   -0.99    4.18
   47    1.38   -1.04    3.80
   48    1.43   -1.43    4.29
   49    1.39   -1.72    4.50
   50    1.24   -1.60    4.07
   51    1.07   -1.23    3.38
   52    1.15   -1.70    3.99
   53    1.02   -1.61    3.65
   54    0.97   -1.36    3.30
   55    1.16   -2.13    4.45
   56    1.32   -2.35    4.99
   57    1.28   -1.91    4.48
   58    1.40   -1.76    4.56
   59    1.79   -2.16    5.74
   60    2.25   -2.23    6.73
   61    2.24   -2.20    6.68
   62    1.80   -1.93    5.54
   63    1.66   -1.80    5.13
   64    1.77   -1.96    5.51
   65    1.78   -2.77    6.33
   66    1.78   -2.34    5.90
   67    1.60   -2.06    5.27
   68    1.62   -1.47    4.71
   69    1.72   -2.37    5.81
   70    1.78   -3.25    6.80
   71    1.61   -2.50    5.72
   72    1.38   -2.38    5.15
   73    1.24   -1.98    4.47
   74    1.12   -1.68    3.92
   75    0.98   -1.25    3.21
   76    1.18   -1.22    3.58
   77    1.24   -1.56    4.04
   78    1.31   -1.64    4.26
   79    1.38   -2.16    4.92
   80    1.22   -2.06    4.50
   81    1.28   -2.15    4.71
   82    1.39   -2.15    4.94
   83    1.47   -2.18    5.11
   84    1.50   -1.76    4.77
   85    1.36   -1.78    4.50
   86    1.45   -1.65    4.55
   87    1.36   -1.46    4.17
   88    1.19   -1.85    4.24
   89    1.06   -1.84    3.96
   90    0.94   -1.76    3.63
   91    0.86   -1.97    3.69
   92    0.74   -1.58    3.05
   93    0.77   -1.72    3.26
   94    0.85   -1.58    3.29
   95    0.99   -1.62    3.61
   96    0.99   -1.87    3.85
   97    0.95   -1.94    3.84
   98    0.75   -1.54    3.04
   99    0.70   -1.67    3.07
  100    0.57   -1.36    2.50
  101    0.55   -1.41    2.51
  102    0.57   -1.45    2.58
  103    0.56   -1.41    2.53
  104    0.66   -1.35    2.66
  105    0.52   -1.13    2.17
  106    0.48   -0.97    1.92
  107    0.59   -1.15    2.32
  108    0.45   -1.16    2.05
  109    0.35   -0.83    1.52
  110    0.30   -1.46    2.07
  111    0.26   -1.08    1.59
  112    0.31   -1.59    2.21
  113    0.25   -1.06    1.56
  114    0.30   -1.09    1.69
  115    0.61   -1.81    3.03
  116    0.60   -1.65    2.85
  117    0.58   -1.66    2.81
  118    0.53   -1.70    2.75
  119    0.37   -1.23    1.98
  120    0.58   -1.88    3.03
  121    0.61   -1.73    2.95
  122    0.58   -1.59    2.75
  123    0.44   -1.47    2.35
  124    0.47   -1.66    2.61
  125    0.51   -1.39    2.41
  126    0.45   -1.34    2.25
  127    0.37   -1.00    1.73
  128    0.42   -1.75    2.59
  129    0.39   -1.34    2.12
  130    0.51   -1.47    2.49
  131    0.54   -1.73    2.82
  132    0.42   -1.27    2.11
  133    0.42   -1.61    2.46
  134    0.82   -3.30    4.94
  135    0.62   -2.42    3.66
  136    0.67   -2.51    3.85
  137    0.61   -1.78    3.00
  138    0.72   -1.65    3.09
  139    0.68   -1.95    3.30
  140    1.12   -2.74    4.97
  141    0.89   -2.54    4.32
  142    0.91   -2.18    4.00
  143    0.78   -1.84    3.39
  144    0.75   -1.95    3.46
  145    0.96   -2.72    4.64
  146    0.86   -2.12    3.84
  147    0.82   -2.52    4.15
  148    0.76   -2.19    3.71
  149    0.49   -1.56    2.53
  150    0.41   -1.09    1.91
  151    0.34   -1.09    1.77
  152    0.45   -1.38    2.29
  153    0.48   -1.52    2.47
  154    0.96   -1.87    3.78
  155    0.79   -2.13    3.71
  156    0.69   -2.74    4.12
  157    1.11   -2.70    4.93
  158    1.22   -2.21    4.64
  159    1.13   -2.33    4.59
  160    1.01   -2.26    4.28
  161    0.88   -2.46    4.22
  162    0.67   -2.02    3.36
  163    0.63   -1.70    2.95
  164    0.61   -1.61    2.83
  165    0.60   -1.66    2.86
  166    0.55   -1.47    2.58
  167    0.59   -1.92    3.10
  168    0.49   -1.28    2.25
  169    0.43   -1.54    2.40
  170    0.44   -1.64    2.52
  171    0.37   -1.44    2.19
  172    0.54   -1.68    2.75
  173    0.72   -2.01    3.46
  174    1.05   -3.12    5.22
  175    1.07   -2.72    4.85
  176    1.11   -2.75    4.96
  177    1.18   -3.11    5.47
  178    0.89   -2.27    4.06
  179    1.42   -2.30    5.14
  180    1.18   -1.84    4.20
  181    1.33   -2.61    5.28
  182    1.00   -1.95    3.94
  183    0.74   -1.76    3.25
  184    0.71   -1.85    3.28
  185    0.88   -2.35    4.10
  186    0.74   -2.17    3.65
  187    1.03   -2.82    4.88
  188    1.08   -2.27    4.43
  189    0.98   -1.95    3.92
  190    1.03   -2.28    4.34
  191    0.99   -2.07    4.04
  192    1.01   -1.89    3.91
  193    1.07   -2.52    4.66
  194    1.29   -3.06    5.64
  195    1.11   -2.61    4.84
  196    1.07   -2.45    4.58
  197    1.15   -2.66    4.95
  198    1.08   -2.44    4.59
  199    0.99   -2.90    4.89
  200    0.99   -2.61    4.58
  201    0.86   -2.21    3.92
  202    0.77   -1.73    3.27
  203    0.78   -2.45    4.02
  204    0.75   -2.24    3.75
  205    0.80   -2.50    4.10
  206    0.72   -2.15    3.59
  207    1.11   -3.32    5.55
  208    0.77   -2.37    3.91
  209    0.66   -1.99    3.31
  210    1.04   -2.76    4.83
  211    0.86   -2.59    4.31
  212    0.88   -2.37    4.12
  213    0.58   -1.66    2.82
  214    0.43   -1.41    2.27
  215    0.46   -1.58    2.51
  216    0.69   -2.11    3.49
  217    0.64   -1.85    3.14
  218    0.52   -1.66    2.70
  219    0.72   -1.79    3.22
  220    0.59   -1.26    2.44
  221    0.65   -1.61    2.92
  222    0.64   -1.33    2.61
  223    0.89   -3.21    5.00
  224    0.69   -3.43    4.81
  225    0.69   -2.55    3.93
  226    0.51   -1.87    2.89
  227    0.44   -1.76    2.64
  228    0.41   -1.28    2.10
  229    0.52   -1.78    2.82
  230    0.57   -1.76    2.90
  231    1.19   -3.37    5.76
  232    1.44   -3.14    6.03
  233    1.55   -3.77    6.88
  234    1.18   -2.86    5.22
  235    0.99   -3.04    5.02
  236    1.16   -2.63    4.95
  237    1.02   -2.51    4.55
  238    1.28   -2.20    4.77
  239    1.49   -3.35    6.34
  240    1.33   -3.05    5.71
  241    1.15   -2.55    4.86
  242    0.94   -2.10    3.98
  243    0.83   -1.84    3.49
  244    0.89   -1.55    3.33
  245    1.66   -2.27    5.59
  246    1.60   -2.74    5.94
  247    1.33   -2.14    4.79
  248    0.98   -1.84    3.80
  249    0.95   -1.67    3.57
  250    1.35   -2.63    5.32
  251    1.35   -2.71    5.41
  252    1.40   -2.41    5.22
  253    1.14   -2.18    4.46
  254    1.13   -1.64    3.90
  255    1.46   -1.84    4.76
  256    1.68   -2.39    5.75
  257    2.13   -3.81    8.07
  258    1.85   -2.88    6.58
  259    1.78   -2.66    6.21
  260    1.33   -2.14    4.79
  261    1.18   -2.00    4.37
  262    1.27   -2.06    4.60
  263    1.22   -2.28    4.72
  264    1.35   -4.18    6.89
  265    1.05   -2.58    4.67
  266    1.04   -2.50    4.58
  267    1.29   -2.95    5.53
  268    1.43   -2.65    5.51
  269    1.50   -2.96    5.96
  270    1.50   -2.55    5.55
  271    1.64   -2.58    5.86
  272    1.81   -2.39    6.01
  273    1.96   -2.17    6.09
  274    1.86   -2.28    6.01
  275    1.93   -3.32    7.18
  276    1.43   -2.03    4.89
  277    1.67   -2.94    6.28
  278    1.92   -1.76    5.60
  279    2.29   -1.51    6.10
  280    2.57   -1.77    6.91
  281    2.49   -2.21    7.19
  282    2.30   -1.98    6.58
  283    2.02   -1.75    5.79
  284    1.91   -1.87    5.70
  285    1.75   -1.88    5.38
  286    1.60   -2.02    5.23
  287    1.62   -2.17    5.41
  288    1.35   -1.49    4.20
  289    1.25   -1.35    3.85
  290    1.10   -1.19    3.39
  291    1.22   -1.17    3.62
  292    1.45   -1.80    4.71
  293    1.52   -1.53    4.57
  294    1.26   -1.41    3.94
  295    1.78   -1.75    5.31
  296    1.85   -2.02    5.71
  297    1.92   -2.36    6.19
  298    1.92   -2.10    5.93
  299    2.05   -2.84    6.93
  300    2.03   -2.82    6.88
  301    2.11   -2.47    6.68
  302    2.11   -2.95    7.17
  303    2.01   -2.83    6.85
  304    1.99   -2.09    6.07
  305    2.05   -1.59    5.69
  306    1.93   -1.57    5.43
  307    1.65   -1.43    4.73
  308    1.67   -1.47    4.81
  309    1.65   -1.47    4.77
  310    1.86   -1.81    5.53
  311    1.96   -2.55    6.47
  312    2.10   -2.52    6.72
  313    2.65   -2.49    7.79
  314    3.03   -2.37    8.44
  315    2.93   -2.01    7.87
  316    2.66   -1.47    6.79
  317    2.58   -1.11    6.27
  318    2.37   -1.08    5.82
  319    2.27   -0.71    5.25
  320    2.44   -0.90    5.78
  321    2.83   -0.77    6.44
  322    2.82   -1.21    6.86
  323    2.69   -1.13    6.50
  324    2.64   -0.94    6.22
  325    2.86   -1.28    7.00
  326    2.98   -1.70    7.66
  327    2.65   -1.17    6.46
  328    2.64   -0.73    6.01
  329    2.65   -0.42    5.71
  330    2.65   -1.11    6.40
  331    2.37   -0.95    5.69
  332    2.12   -0.92    5.16
  333    1.93   -1.05    4.92
  334    1.72   -0.79    4.23
  335    1.72   -1.23    4.68
  336    1.82   -1.73    5.36
  337    1.86   -1.46    5.18
  338    1.99   -1.42    5.41
  339    2.10   -1.73    5.93
  340    2.13   -2.19    6.44
  341    2.10   -2.14    6.34
  342    2.13   -1.99    6.26
  343    2.15   -1.84    6.14
  344    2.32   -1.95    6.58
  345    2.31   -1.84    6.46
  346    2.64   -2.32    7.60
  347    2.47   -2.15    7.09
  348    2.47   -2.11    7.06
  349    2.38   -1.55    6.30
  350    2.43   -1.01    5.87
  351    2.50   -0.81    5.82
  352    2.82   -1.18    6.82
  353    2.99   -1.54    7.51
  354    2.86   -1.58    7.31
  355    2.68   -0.88    6.25
  356    2.32   -0.67    5.30
  357    2.32   -0.54    5.19
  358    2.46   -0.97    5.89
  359    2.49   -0.91    5.90
  360    2.49   -1.50    6.48
  361    2.63   -1.68    6.94
  362    2.58   -1.78    6.94
  363    2.62   -2.44    7.68
  364    2.44   -2.12    7.00
  365    2.52   -2.27    7.31
