# dag  regime      5%     95%
    1  -62.69 -111.71  -13.66
    2  -61.49 -106.18  -16.80
    3  -61.94 -101.21  -22.67
    4  -58.88 -101.25  -16.52
    5  -60.52  -99.47  -21.57
    6  -64.61  -96.52  -32.69
    7  -66.80  -96.40  -37.19
    8  -69.21  -94.99  -43.44
    9  -70.28  -98.43  -42.12
   10  -68.95 -103.06  -34.84
   11  -71.61  -98.09  -45.13
   12  -72.16  -99.08  -45.25
   13  -72.56 -101.67  -43.45
   14  -73.15 -102.81  -43.49
   15  -74.00 -107.59  -40.40
   16  -74.78 -105.48  -44.07
   17  -73.56 -112.32  -34.80
   18  -69.62 -108.79  -30.45
   19  -69.17 -106.10  -32.23
   20  -69.16 -111.12  -27.21
   21  -68.21 -108.62  -27.80
   22  -68.66 -104.68  -32.64
   23  -69.12 -104.51  -33.73
   24  -68.25 -103.58  -32.92
   25  -66.84 -107.09  -26.59
   26  -69.57 -105.70  -33.43
   27  -68.18 -107.90  -28.46
   28  -68.99 -104.48  -33.50
   29  -71.39 -101.28  -41.50
   30  -70.96 -105.16  -36.76
   31  -71.82 -110.72  -32.92
   32  -72.98 -106.04  -39.93
   33  -72.24 -103.69  -40.78
   34  -73.18 -101.73  -44.64
   35  -72.29 -104.02  -40.56
   36  -71.56 -108.85  -34.27
   37  -71.20 -107.03  -35.37
   38  -69.59 -109.34  -29.85
   39  -72.75 -105.49  -40.01
   40  -70.46 -106.60  -34.33
   41  -71.67 -106.38  -36.97
   42  -70.08 -103.79  -36.36
   43  -73.27 -103.08  -43.46
   44  -75.58 -102.85  -48.32
   45  -75.77 -100.25  -51.29
   46  -75.67 -100.40  -50.94
   47  -77.90 -101.41  -54.38
   48  -77.40 -104.97  -49.83
   49  -77.87 -107.81  -47.93
   50  -79.37 -106.61  -52.13
   51  -80.76 -103.11  -58.40
   52  -80.27 -107.75  -52.78
   53  -81.47 -107.24  -55.70
   54  -82.00 -105.09  -58.90
   55  -80.16 -111.61  -48.72
   56  -78.82 -114.14  -43.50
   57  -78.84 -109.33  -48.36
   58  -77.69 -108.12  -47.27
   59  -74.02 -111.39  -36.64
   60  -69.68 -111.67  -27.68
   61  -69.86 -111.54  -28.17
   62  -73.76 -108.82  -38.69
   63  -75.17 -107.98  -42.36
   64  -74.10 -109.58  -38.62
   65  -74.30 -114.94  -33.66
   66  -74.21 -113.24  -35.18
   67  -76.05 -111.44  -40.66
   68  -76.08 -106.68  -45.48
   69  -75.43 -113.88  -36.97
   70  -75.66 -119.71  -31.60
   71  -76.64 -117.13  -36.15
   72  -78.51 -115.26  -41.76
   73  -79.95 -111.93  -47.97
   74  -81.28 -109.84  -52.71
   75  -82.31 -105.56  -59.06
   76  -80.40 -105.80  -55.01
   77  -79.65 -107.44  -51.85
   78  -79.16 -108.68  -49.64
   79  -79.21 -114.89  -43.53
   80  -80.81 -114.25  -47.37
   81  -80.22 -115.35  -45.09
   82  -78.74 -114.15  -43.33
   83  -78.39 -115.47  -41.32
   84  -78.29 -112.63  -43.96
   85  -79.83 -113.39  -46.27
   86  -79.10 -113.17  -45.03
   87  -80.25 -112.18  -48.33
   88  -82.29 -116.34  -48.25
   89  -84.36 -118.02  -50.71
   90  -85.27 -116.62  -53.92
   91  -86.38 -119.27  -53.48
   92  -87.64 -116.26  -59.03
   93  -86.41 -115.17  -57.65
   94  -86.03 -115.38  -56.69
   95  -85.10 -116.71  -53.50
   96  -84.65 -117.72  -51.57
   97  -85.29 -118.85  -51.72
   98  -87.89 -116.61  -59.16
   99  -88.33 -117.50  -59.16
  100  -90.26 -116.79  -63.74
  101  -90.95 -117.59  -64.31
  102  -91.14 -118.86  -63.42
  103  -91.53 -119.86  -63.20
  104  -90.81 -121.54  -60.08
  105  -92.43 -120.62  -64.24
  106  -93.13 -120.53  -65.73
  107  -91.61 -120.92  -62.29
  108  -93.27 -120.36  -66.17
  109  -94.79 -119.08  -70.50
  110  -95.80 -123.10  -68.51
  111  -97.38 -122.24  -72.52
  112  -97.81 -126.44  -69.19
  113  -99.69 -124.64  -74.73
  114  -98.99 -126.07  -71.91
  115  -94.81 -130.68  -58.94
  116  -94.83 -129.99  -59.67
  117  -93.58 -127.28  -59.88
  118  -93.99 -127.24  -60.74
  119  -96.00 -125.05  -66.96
  120  -94.19 -129.28  -59.11
  121  -94.59 -130.05  -59.12
  122  -95.36 -130.97  -59.75
  123  -96.68 -130.15  -63.22
  124  -96.98 -132.76  -61.21
  125  -95.20 -128.42  -61.99
  126  -95.41 -126.85  -63.96
  127  -96.71 -125.90  -67.51
  128  -97.45 -131.17  -63.74
  129  -98.41 -130.34  -66.47
  130  -98.21 -134.08  -62.34
  131  -99.10 -138.15  -60.04
  132 -100.56 -135.94  -65.17
  133 -100.82 -137.94  -63.71
  134  -95.91 -148.83  -42.98
  135  -97.44 -141.10  -53.78
  136  -96.06 -140.49  -51.63
  137  -95.45 -134.35  -56.56
  138  -95.58 -136.87  -54.29
  139  -95.83 -137.53  -54.14
  140  -92.76 -146.40  -39.11
  141  -94.16 -143.06  -45.26
  142  -94.63 -142.34  -46.92
  143  -96.39 -140.48  -52.30
  144  -95.98 -140.10  -51.86
  145  -93.96 -145.51  -42.41
  146  -93.67 -139.80  -47.54
  147  -94.13 -141.74  -46.52
  148  -95.99 -141.08  -50.90
  149  -99.23 -135.53  -62.93
  150  -98.70 -131.39  -66.01
  151 -100.99 -133.61  -68.36
  152  -98.87 -133.11  -64.63
  153  -95.25 -128.88  -61.62
  154  -89.23 -131.17  -47.29
  155  -91.16 -133.05  -49.28
  156  -93.78 -138.84  -48.72
  157  -88.09 -136.81  -39.37
  158  -87.06 -133.84  -40.29
  159  -89.04 -137.09  -40.98
  160  -91.34 -138.66  -44.02
  161  -92.31 -138.28  -46.34
  162  -94.95 -135.40  -54.51
  163  -96.10 -134.78  -57.41
  164  -95.81 -132.98  -58.64
  165  -95.62 -133.05  -58.18
  166  -96.33 -132.29  -60.36
  167  -97.10 -136.74  -57.45
  168  -97.93 -133.82  -62.04
  169  -98.13 -134.32  -61.93
  170  -98.30 -135.06  -61.55
  171  -98.67 -131.21  -66.12
  172  -96.35 -132.81  -59.89
  173  -93.83 -133.45  -54.21
  174  -92.01 -145.16  -38.86
  175  -91.91 -142.80  -41.03
  176  -92.39 -145.13  -39.64
  177  -91.32 -147.44  -35.20
  178  -93.54 -140.94  -46.14
  179  -87.57 -142.18  -32.96
  180  -88.61 -135.75  -41.48
  181  -87.57 -142.55  -32.59
  182  -90.96 -139.17  -42.75
  183  -92.47 -134.40  -50.54
  184  -93.03 -133.94  -52.11
  185  -91.05 -136.29  -45.81
  186  -93.18 -135.69  -50.66
  187  -90.79 -142.27  -39.32
  188  -89.61 -137.08  -42.15
  189  -90.00 -132.60  -47.40
  190  -89.49 -135.25  -43.72
  191  -89.77 -132.98  -46.56
  192  -90.94 -135.28  -46.59
  193  -90.90 -140.63  -41.17
  194  -89.60 -146.93  -32.26
  195  -91.60 -143.84  -39.36
  196  -92.10 -142.95  -41.26
  197  -89.31 -139.94  -38.68
  198  -89.43 -137.07  -41.79
  199  -91.09 -141.68  -40.49
  200  -91.58 -140.45  -42.70
  201  -93.13 -138.72  -47.53
  202  -92.84 -132.76  -52.92
  203  -93.15 -137.32  -48.98
  204  -91.85 -132.11  -51.59
  205  -91.31 -132.47  -50.14
  206  -94.46 -134.34  -54.59
  207  -89.96 -143.91  -36.01
  208  -93.04 -135.23  -50.86
  209  -95.05 -134.10  -55.99
  210  -90.78 -139.93  -41.63
  211  -92.75 -138.58  -46.92
  212  -92.32 -137.00  -47.63
  213  -96.46 -133.73  -59.19
  214  -99.56 -134.38  -64.74
  215 -100.32 -137.40  -63.24
  216  -97.28 -140.42  -54.14
  217  -98.95 -139.97  -57.94
  218  -99.63 -137.73  -61.52
  219  -97.28 -140.22  -54.34
  220  -98.64 -137.40  -59.89
  221  -96.32 -136.55  -56.09
  222  -95.00 -132.43  -57.56
  223  -92.56 -142.75  -42.36
  224  -95.41 -142.04  -48.78
  225  -95.05 -139.43  -50.68
  226  -96.50 -133.11  -59.90
  227  -97.88 -132.60  -63.16
  228  -97.72 -129.28  -66.17
  229  -97.42 -133.91  -60.93
  230  -96.75 -133.33  -60.16
  231  -88.91 -141.20  -36.63
  232  -85.30 -140.93  -29.67
  233  -84.33 -137.87  -30.79
  234  -86.77 -135.35  -38.18
  235  -88.43 -135.70  -41.16
  236  -86.15 -132.17  -40.13
  237  -87.17 -129.87  -44.47
  238  -83.10 -124.56  -41.64
  239  -81.56 -134.30  -28.83
  240  -83.68 -132.70  -34.65
  241  -85.60 -128.84  -42.35
  242  -87.49 -125.35  -49.64
  243  -88.06 -122.02  -54.10
  244  -87.14 -120.13  -54.16
  245  -79.36 -125.50  -33.22
  246  -80.33 -129.91  -30.75
  247  -82.84 -124.93  -40.74
  248  -86.35 -122.44  -50.25
  249  -86.46 -120.62  -52.30
  250  -82.95 -128.85  -37.04
  251  -82.78 -128.61  -36.95
  252  -82.43 -126.83  -38.03
  253  -84.92 -124.79  -45.05
  254  -84.44 -119.61  -49.28
  255  -80.85 -120.26  -41.44
  256  -78.84 -124.82  -32.86
  257  -74.92 -125.55  -24.29
  258  -76.18 -125.43  -26.94
  259  -77.01 -123.92  -30.10
  260  -81.42 -120.01  -42.82
  261  -82.45 -117.46  -47.45
  262  -81.83 -118.59  -45.06
  263  -82.87 -121.81  -43.93
  264  -82.63 -124.52  -40.73
  265  -83.41 -121.26  -45.55
  266  -83.42 -120.53  -46.31
  267  -81.61 -125.37  -37.85
  268  -80.25 -123.22  -37.28
  269  -79.35 -125.36  -33.34
  270  -79.24 -121.83  -36.66
  271  -77.48 -120.92  -34.05
  272  -75.83 -119.39  -32.27
  273  -74.36 -117.20  -31.52
  274  -74.98 -117.35  -32.60
  275  -75.10 -119.89  -30.32
  276  -78.91 -114.55  -43.26
  277  -77.21 -118.88  -35.54
  278  -73.46 -110.24  -36.68
  279  -69.12 -104.70  -33.53
  280  -66.73 -107.42  -26.04
  281  -67.57 -112.03  -23.10
  282  -69.87 -111.70  -28.04
  283  -72.65 -110.39  -34.91
  284  -73.96 -111.99  -35.92
  285  -75.47 -112.26  -38.69
  286  -76.87 -113.39  -40.35
  287  -76.79 -114.93  -38.64
  288  -79.53 -109.81  -49.26
  289  -80.35 -107.97  -52.74
  290  -81.42 -105.93  -56.90
  291  -79.89 -104.58  -55.20
  292  -77.60 -109.31  -45.88
  293  -76.88 -106.75  -47.01
  294  -78.92 -104.89  -52.96
  295  -74.42 -108.56  -40.29
  296  -73.67 -110.74  -36.60
  297  -72.98 -113.60  -32.35
  298  -72.84 -110.90  -34.78
  299  -71.66 -117.06  -26.27
  300  -71.79 -116.11  -27.48
  301  -70.98 -113.88  -28.07
  302  -70.90 -118.03  -23.76
  303  -72.15 -115.27  -29.02
  304  -71.95 -110.09  -33.82
  305  -71.16 -105.01  -37.31
  306  -72.42 -104.95  -39.90
  307  -75.14 -104.16  -46.12
  308  -74.90 -104.47  -45.34
  309  -74.95 -104.06  -45.84
  310  -73.09 -107.19  -39.00
  311  -72.14 -113.93  -30.35
  312  -70.87 -113.62  -28.11
  313  -65.71 -113.38  -18.04
  314  -62.51 -111.39  -13.62
  315  -63.30 -109.07  -17.52
  316  -65.68 -104.09  -27.27
  317  -66.46 -101.14  -31.78
  318  -68.28 -100.24  -36.32
  319  -69.14  -96.70  -41.59
  320  -67.56  -98.45  -36.68
  321  -63.95  -97.36  -30.54
  322  -64.01 -101.28  -26.74
  323  -65.39 -100.63  -30.15
  324  -65.74  -98.63  -32.86
  325  -63.72 -101.63  -25.81
  326  -63.24 -101.42  -25.05
  327  -65.65 -100.60  -30.71
  328  -65.78  -96.81  -34.75
  329  -65.57  -93.73  -37.42
  330  -65.62  -99.93  -31.31
  331  -68.13  -98.66  -37.60
  332  -70.49  -98.39  -42.59
  333  -72.19  -99.70  -44.67
  334  -74.16  -97.31  -51.01
  335  -74.17 -101.23  -47.12
  336  -73.26 -105.81  -40.72
  337  -72.86 -103.30  -42.42
  338  -71.66 -102.96  -40.35
  339  -70.69 -105.97  -35.40
  340  -70.44 -110.32  -30.57
  341  -70.61 -109.70  -31.53
  342  -70.44 -108.57  -32.32
  343  -70.23 -106.77  -33.70
  344  -68.70 -108.00  -29.40
  345  -68.79 -106.95  -30.63
  346  -65.71 -111.41  -20.01
  347  -67.37 -109.81  -24.94
  348  -67.31 -109.46  -25.15
  349  -68.15 -104.40  -31.89
  350  -67.59  -99.01  -36.17
  351  -66.98  -97.61  -36.36
  352  -64.09 -100.85  -27.33
  353  -62.64 -103.83  -21.44
  354  -63.65 -104.66  -22.63
  355  -65.28  -98.02  -32.54
  356  -68.67  -96.25  -41.09
  357  -68.70  -94.91  -42.49
  358  -67.38  -98.97  -35.78
  359  -67.03  -98.37  -35.69
  360  -67.06 -103.65  -30.47
  361  -65.83 -105.36  -26.31
  362  -66.27 -106.35  -26.19
  363  -65.95 -112.07  -19.82
  364  -67.74 -108.29  -27.18
  365  -66.89 -110.52  -23.27
