# dag  regime      5%     95%
    1    2.50   -0.35    5.35
    2    2.56   -0.29    5.41
    3    2.57   -0.15    5.29
    4    2.71    0.02    5.41
    5    2.69    0.08    5.31
    6    2.57    0.14    5.01
    7    2.51    0.09    4.92
    8    2.41    0.12    4.70
    9    2.34    0.07    4.62
   10    2.37    0.06    4.68
   11    2.26    0.08    4.44
   12    2.21    0.02    4.39
   13    2.15   -0.08    4.38
   14    2.11   -0.11    4.33
   15    2.05   -0.33    4.43
   16    1.98   -0.31    4.28
   17    1.99   -0.53    4.52
   18    2.11   -0.45    4.67
   19    2.14   -0.35    4.62
   20    2.18   -0.73    5.09
   21    2.21   -0.65    5.07
   22    2.20   -0.48    4.89
   23    2.18   -0.52    4.89
   24    2.21   -0.38    4.80
   25    2.28   -0.58    5.14
   26    2.17   -0.56    4.89
   27    2.22   -0.56    4.99
   28    2.19   -0.48    4.85
   29    2.10   -0.39    4.59
   30    2.10   -0.51    4.72
   31    2.06   -0.77    4.89
   32    1.99   -0.71    4.69
   33    2.02   -0.49    4.53
   34    1.95   -0.47    4.37
   35    1.95   -0.48    4.38
   36    1.97   -0.69    4.64
   37    1.98   -0.75    4.71
   38    2.04   -0.81    4.90
   39    1.93   -0.73    4.59
   40    1.99   -0.71    4.70
   41    1.95   -0.75    4.64
   42    1.99   -0.41    4.39
   43    1.88   -0.35    4.11
   44    1.79   -0.33    3.90
   45    1.75   -0.19    3.69
   46    1.73   -0.11    3.57
   47    1.62   -0.19    3.44
   48    1.61   -0.18    3.40
   49    1.56   -0.37    3.50
   50    1.47   -0.44    3.38
   51    1.40   -0.41    3.21
   52    1.37   -0.59    3.33
   53    1.29   -0.65    3.22
   54    1.22   -0.72    3.16
   55    1.26   -0.89    3.41
   56    1.30   -1.06    3.66
   57    1.28   -0.92    3.47
   58    1.31   -0.90    3.52
   59    1.44   -0.91    3.79
   60    1.60   -0.84    4.04
   61    1.63   -0.82    4.09
   62    1.51   -0.79    3.80
   63    1.47   -0.82    3.76
   64    1.52   -0.89    3.92
   65    1.53   -1.11    4.16
   66    1.53   -1.01    4.08
   67    1.46   -1.06    3.99
   68    1.46   -0.84    3.77
   69    1.49   -0.87    3.86
   70    1.52   -1.01    4.05
   71    1.48   -0.91    3.88
   72    1.40   -1.00    3.80
   73    1.34   -0.98    3.66
   74    1.26   -0.93    3.46
   75    1.19   -0.80    3.18
   76    1.23   -0.75    3.22
   77    1.23   -0.75    3.22
   78    1.23   -0.77    3.23
   79    1.23   -0.93    3.39
   80    1.15   -1.00    3.30
   81    1.16   -0.95    3.27
   82    1.21   -0.97    3.40
   83    1.22   -1.09    3.53
   84    1.24   -1.02    3.50
   85    1.19   -0.96    3.34
   86    1.20   -0.92    3.32
   87    1.17   -0.77    3.10
   88    1.10   -0.88    3.09
   89    1.02   -0.95    3.00
   90    0.94   -1.01    2.89
   91    0.90   -1.00    2.80
   92    0.83   -0.90    2.56
   93    0.83   -0.87    2.54
   94    0.83   -0.72    2.38
   95    0.85   -0.75    2.44
   96    0.84   -0.86    2.54
   97    0.80   -0.96    2.57
   98    0.71   -0.99    2.40
   99    0.68   -1.06    2.42
  100    0.60   -1.01    2.20
  101    0.56   -1.00    2.13
  102    0.52   -1.06    2.11
  103    0.52   -1.01    2.05
  104    0.53   -0.91    1.96
  105    0.48   -0.85    1.82
  106    0.46   -0.75    1.66
  107    0.44   -0.63    1.50
  108    0.39   -0.59    1.38
  109    0.33   -0.56    1.22
  110    0.32   -0.78    1.42
  111    0.24   -0.69    1.16
  112    0.21   -0.64    1.07
  113    0.19   -0.61    0.99
  114    0.21   -0.72    1.15
  115    0.27   -0.85    1.40
  116    0.30   -0.91    1.52
  117    0.30   -0.86    1.45
  118    0.29   -0.90    1.47
  119    0.22   -0.76    1.20
  120    0.27   -1.01    1.56
  121    0.29   -1.02    1.59
  122    0.28   -1.06    1.61
  123    0.26   -0.98    1.50
  124    0.25   -0.98    1.49
  125    0.25   -0.86    1.35
  126    0.25   -0.86    1.36
  127    0.21   -0.73    1.16
  128    0.24   -0.88    1.36
  129    0.20   -0.77    1.17
  130    0.21   -0.91    1.33
  131    0.19   -0.90    1.29
  132    0.15   -0.74    1.04
  133    0.16   -0.70    1.02
  134    0.28   -1.00    1.57
  135    0.25   -0.98    1.48
  136    0.25   -1.08    1.58
  137    0.25   -1.04    1.53
  138    0.25   -0.97    1.46
  139    0.28   -0.98    1.54
  140    0.38   -1.41    2.18
  141    0.36   -1.40    2.12
  142    0.36   -1.25    1.97
  143    0.36   -1.18    1.89
  144    0.37   -1.26    2.00
  145    0.44   -1.32    2.19
  146    0.41   -1.18    1.99
  147    0.42   -1.07    1.90
  148    0.40   -1.09    1.88
  149    0.29   -0.96    1.53
  150    0.20   -0.80    1.20
  151    0.20   -0.86    1.26
  152    0.21   -0.89    1.31
  153    0.21   -0.81    1.23
  154    0.19   -0.76    1.15
  155    0.19   -0.62    1.01
  156    0.20   -0.68    1.09
  157    0.28   -0.88    1.43
  158    0.35   -0.77    1.48
  159    0.37   -0.92    1.67
  160    0.37   -1.06    1.80
  161    0.37   -1.13    1.86
  162    0.31   -0.97    1.59
  163    0.27   -0.78    1.33
  164    0.28   -0.86    1.41
  165    0.28   -0.90    1.46
  166    0.26   -0.91    1.44
  167    0.27   -0.97    1.52
  168    0.24   -0.85    1.33
  169    0.24   -0.84    1.32
  170    0.20   -0.67    1.07
  171    0.17   -0.62    0.97
  172    0.21   -0.76    1.18
  173    0.26   -0.79    1.31
  174    0.38   -1.18    1.95
  175    0.42   -1.18    2.02
  176    0.48   -1.22    2.18
  177    0.55   -1.52    2.62
  178    0.48   -1.36    2.33
  179    0.59   -1.32    2.51
  180    0.54   -1.22    2.30
  181    0.58   -1.41    2.57
  182    0.51   -1.23    2.26
  183    0.46   -1.08    2.00
  184    0.40   -1.10    1.91
  185    0.43   -1.03    1.90
  186    0.38   -1.15    1.91
  187    0.42   -1.37    2.22
  188    0.40   -1.30    2.11
  189    0.43   -1.29    2.16
  190    0.46   -1.29    2.20
  191    0.46   -1.32    2.24
  192    0.46   -1.21    2.14
  193    0.51   -1.27    2.29
  194    0.58   -1.59    2.75
  195    0.58   -1.48    2.64
  196    0.60   -1.52    2.72
  197    0.59   -1.59    2.78
  198    0.61   -1.65    2.87
  199    0.62   -1.71    2.96
  200    0.65   -1.67    2.97
  201    0.59   -1.56    2.74
  202    0.53   -1.46    2.53
  203    0.53   -1.63    2.69
  204    0.48   -1.43    2.39
  205    0.48   -1.30    2.27
  206    0.46   -1.29    2.21
  207    0.57   -1.39    2.52
  208    0.48   -1.19    2.16
  209    0.46   -1.10    2.03
  210    0.56   -1.27    2.39
  211    0.51   -1.28    2.30
  212    0.48   -1.17    2.13
  213    0.38   -1.02    1.77
  214    0.32   -0.92    1.57
  215    0.31   -0.96    1.58
  216    0.34   -1.08    1.76
  217    0.35   -1.07    1.76
  218    0.31   -1.01    1.63
  219    0.39   -0.93    1.70
  220    0.36   -0.89    1.61
  221    0.37   -0.98    1.71
  222    0.35   -0.90    1.59
  223    0.43   -1.07    1.92
  224    0.39   -1.15    1.93
  225    0.41   -1.00    1.82
  226    0.34   -0.88    1.57
  227    0.31   -0.92    1.55
  228    0.26   -0.78    1.31
  229    0.25   -0.67    1.17
  230    0.25   -0.74    1.24
  231    0.43   -1.33    2.19
  232    0.51   -1.39    2.42
  233    0.62   -1.65    2.89
  234    0.59   -1.53    2.71
  235    0.57   -1.56    2.70
  236    0.60   -1.47    2.68
  237    0.57   -1.46    2.61
  238    0.57   -1.39    2.52
  239    0.64   -1.64    2.92
  240    0.61   -1.56    2.78
  241    0.59   -1.50    2.67
  242    0.55   -1.40    2.50
  243    0.51   -1.30    2.32
  244    0.50   -1.09    2.08
  245    0.75   -1.13    2.62
  246    0.78   -1.16    2.72
  247    0.73   -1.05    2.50
  248    0.64   -0.94    2.21
  249    0.58   -0.93    2.09
  250    0.69   -1.01    2.39
  251    0.71   -1.06    2.47
  252    0.74   -0.97    2.46
  253    0.69   -1.02    2.40
  254    0.67   -0.92    2.26
  255    0.77   -0.94    2.48
  256    0.87   -1.10    2.84
  257    1.02   -1.50    3.54
  258    1.03   -1.58    3.64
  259    1.05   -1.54    3.63
  260    0.94   -1.45    3.33
  261    0.89   -1.46    3.23
  262    0.89   -1.35    3.14
  263    0.88   -1.41    3.17
  264    0.94   -2.00    3.88
  265    0.86   -1.61    3.34
  266    0.86   -1.53    3.24
  267    0.92   -1.52    3.37
  268    0.98   -1.36    3.32
  269    1.04   -1.72    3.80
  270    1.05   -1.57    3.68
  271    1.11   -1.42    3.63
  272    1.17   -1.34    3.68
  273    1.23   -1.25    3.72
  274    1.25   -1.35    3.86
  275    1.30   -1.65    4.26
  276    1.20   -1.54    3.94
  277    1.28   -1.56    4.13
  278    1.38   -1.39    4.15
  279    1.50   -0.98    3.98
  280    1.63   -0.80    4.06
  281    1.66   -0.96    4.27
  282    1.62   -0.89    4.13
  283    1.56   -0.85    3.98
  284    1.55   -0.94    4.04
  285    1.51   -0.79    3.81
  286    1.45   -0.91    3.81
  287    1.44   -0.84    3.72
  288    1.34   -0.77    3.46
  289    1.29   -0.69    3.27
  290    1.22   -0.57    3.01
  291    1.21   -0.51    2.94
  292    1.28   -0.49    3.05
  293    1.31   -0.49    3.11
  294    1.22   -0.50    2.93
  295    1.38   -0.49    3.25
  296    1.43   -0.49    3.34
  297    1.48   -0.61    3.57
  298    1.50   -0.59    3.59
  299    1.56   -0.91    4.02
  300    1.58   -0.99    4.14
  301    1.62   -0.91    4.15
  302    1.66   -1.08    4.39
  303    1.63   -1.07    4.34
  304    1.65   -0.93    4.24
  305    1.69   -0.79    4.17
  306    1.66   -0.80    4.13
  307    1.57   -0.80    3.94
  308    1.57   -0.74    3.88
  309    1.56   -0.64    3.75
  310    1.63   -0.65    3.90
  311    1.66   -0.81    4.13
  312    1.73   -0.83    4.29
  313    1.92   -0.77    4.62
  314    2.10   -0.72    4.91
  315    2.13   -0.64    4.89
  316    2.10   -0.58    4.79
  317    2.10   -0.41    4.60
  318    2.05   -0.36    4.46
  319    2.04   -0.17    4.24
  320    2.09   -0.12    4.31
  321    2.25    0.12    4.37
  322    2.29    0.11    4.46
  323    2.26    0.06    4.46
  324    2.27    0.11    4.44
  325    2.37    0.23    4.51
  326    2.43    0.20    4.67
  327    2.37    0.22    4.52
  328    2.37    0.34    4.40
  329    2.39    0.39    4.39
  330    2.39    0.41    4.38
  331    2.31    0.35    4.27
  332    2.23    0.27    4.19
  333    2.16    0.28    4.03
  334    2.04    0.28    3.81
  335    2.01    0.14    3.87
  336    2.02   -0.04    4.07
  337    2.00   -0.06    4.07
  338    2.03   -0.09    4.16
  339    2.05   -0.17    4.26
  340    2.06   -0.30    4.41
  341    2.04   -0.28    4.36
  342    2.04   -0.21    4.28
  343    2.03   -0.16    4.22
  344    2.10   -0.25    4.45
  345    2.09   -0.27    4.45
  346    2.22   -0.30    4.74
  347    2.18   -0.27    4.63
  348    2.19   -0.28    4.66
  349    2.17   -0.10    4.44
  350    2.19    0.04    4.34
  351    2.23    0.29    4.17
  352    2.34    0.26    4.42
  353    2.43    0.24    4.61
  354    2.41    0.19    4.64
  355    2.39    0.42    4.36
  356    2.28    0.42    4.14
  357    2.26    0.40    4.12
  358    2.31    0.21    4.41
  359    2.33    0.21    4.45
  360    2.32    0.16    4.49
  361    2.36    0.01    4.71
  362    2.36   -0.08    4.79
  363    2.38   -0.35    5.11
  364    2.33   -0.35    5.00
  365    2.34   -0.36    5.05
