# dag  regime      5%     95%
    1  -59.82 -104.77  -14.86
    2  -58.73 -103.19  -14.26
    3  -58.51 -101.20  -15.81
    4  -56.36  -98.79  -13.93
    5  -56.65  -97.63  -15.67
    6  -58.52  -96.92  -20.12
    7  -59.71  -97.53  -21.89
    8  -61.22  -97.32  -25.13
    9  -62.17  -97.62  -26.72
   10  -61.83  -98.06  -25.60
   11  -63.61  -97.60  -29.61
   12  -64.38  -98.67  -30.10
   13  -65.09 -100.02  -30.17
   14  -65.93 -100.88  -30.97
   15  -66.90 -104.11  -29.70
   16  -67.88 -103.74  -32.01
   17  -67.54 -107.29  -27.79
   18  -65.73 -106.05  -25.41
   19  -65.52 -104.53  -26.51
   20  -64.76 -110.17  -19.35
   21  -64.28 -109.06  -19.51
   22  -64.52 -106.76  -22.28
   23  -64.80 -107.06  -22.53
   24  -64.35 -105.02  -23.69
   25  -63.42 -106.83  -20.02
   26  -64.82 -107.32  -22.33
   27  -64.15 -107.82  -20.47
   28  -64.60 -106.29  -22.90
   29  -66.02 -105.03  -27.00
   30  -66.02 -106.84  -25.21
   31  -66.77 -111.05  -22.48
   32  -67.69 -110.00  -25.39
   33  -67.61 -107.25  -27.97
   34  -68.40 -106.47  -30.32
   35  -68.21 -106.62  -29.81
   36  -68.00 -110.03  -25.97
   37  -67.92 -111.00  -24.83
   38  -67.10 -112.03  -22.17
   39  -68.83 -110.87  -26.79
   40  -67.75 -110.36  -25.15
   41  -68.44 -110.98  -25.90
   42  -67.65 -105.47  -29.83
   43  -69.42 -104.45  -34.38
   44  -70.97 -104.31  -37.63
   45  -71.51 -102.15  -40.86
   46  -71.86 -100.68  -43.04
   47  -73.50 -102.18  -44.83
   48  -73.78 -102.12  -45.44
   49  -74.49 -104.83  -44.15
   50  -75.81 -105.81  -45.82
   51  -77.14 -105.59  -48.70
   52  -77.50 -108.25  -46.75
   53  -78.73 -109.23  -48.24
   54  -79.63 -109.88  -49.39
   55  -79.21 -113.15  -45.27
   56  -78.84 -115.98  -41.71
   57  -79.10 -114.11  -44.08
   58  -78.68 -113.92  -43.44
   59  -76.72 -114.20  -39.24
   60  -74.09 -112.86  -35.32
   61  -73.60 -112.58  -34.62
   62  -75.28 -111.64  -38.92
   63  -75.93 -111.75  -40.12
   64  -75.33 -113.40  -37.25
   65  -75.19 -116.97  -33.41
   66  -75.07 -114.99  -35.15
   67  -76.04 -115.74  -36.35
   68  -76.16 -112.77  -39.55
   69  -75.80 -113.48  -38.12
   70  -75.61 -115.92  -35.31
   71  -76.26 -115.34  -37.18
   72  -77.48 -116.25  -38.70
   73  -78.60 -116.38  -40.83
   74  -79.78 -115.59  -43.98
   75  -80.87 -113.70  -48.04
   76  -80.33 -113.25  -47.42
   77  -80.24 -113.00  -47.48
   78  -80.22 -113.27  -47.17
   79  -80.44 -116.26  -44.63
   80  -81.52 -116.56  -46.48
   81  -81.49 -116.54  -46.44
   82  -80.88 -117.08  -44.68
   83  -80.77 -119.07  -42.47
   84  -80.77 -119.12  -42.42
   85  -81.66 -118.69  -44.63
   86  -81.40 -118.11  -44.69
   87  -82.15 -117.08  -47.22
   88  -83.49 -119.40  -47.59
   89  -85.00 -121.12  -48.88
   90  -86.04 -121.00  -51.09
   91  -87.21 -122.01  -52.40
   92  -88.53 -120.99  -56.07
   93  -88.49 -121.02  -55.95
   94  -88.78 -120.41  -57.15
   95  -88.69 -121.35  -56.03
   96  -88.74 -122.23  -55.26
   97  -89.35 -123.98  -54.72
   98  -91.13 -125.00  -57.27
   99  -91.87 -125.77  -57.98
  100  -93.46 -126.07  -60.85
  101  -94.48 -127.12  -61.84
  102  -95.24 -128.34  -62.13
  103  -96.06 -129.47  -62.64
  104  -96.25 -129.58  -62.93
  105  -97.65 -130.41  -64.89
  106  -98.64 -131.22  -66.06
  107  -98.39 -129.26  -67.52
  108  -99.76 -129.93  -69.59
  109 -101.14 -130.76  -71.52
  110 -102.35 -134.77  -69.93
  111 -103.93 -134.52  -73.34
  112 -104.94 -135.64  -74.25
  113 -106.74 -136.98  -76.51
  114 -107.18 -139.76  -74.60
  115 -105.53 -140.25  -70.80
  116 -105.85 -142.29  -69.41
  117 -105.40 -140.23  -70.57
  118 -105.77 -140.83  -70.71
  119 -107.09 -139.84  -74.34
  120 -106.40 -142.51  -70.29
  121 -106.77 -143.58  -69.95
  122 -107.37 -145.10  -69.63
  123 -108.35 -145.02  -71.68
  124 -108.84 -146.38  -71.31
  125 -108.17 -144.06  -72.28
  126 -108.42 -143.77  -73.07
  127 -109.31 -143.06  -75.56
  128 -109.99 -146.17  -73.80
  129 -110.82 -144.64  -77.01
  130 -111.08 -146.60  -75.55
  131 -111.89 -148.62  -75.16
  132 -113.08 -148.74  -77.42
  133 -113.71 -150.16  -77.25
  134 -111.34 -154.66  -68.02
  135 -112.19 -153.76  -70.63
  136 -111.54 -153.01  -70.07
  137 -111.19 -151.01  -71.37
  138 -111.20 -150.74  -71.66
  139 -111.31 -152.29  -70.33
  140 -109.54 -158.55  -60.53
  141 -110.05 -158.69  -61.41
  142 -110.18 -157.89  -62.48
  143 -111.09 -158.28  -63.90
  144 -110.94 -158.87  -63.01
  145 -109.82 -161.54  -58.10
  146 -109.49 -158.99  -60.00
  147 -109.60 -159.33  -59.88
  148 -110.54 -160.00  -61.08
  149 -112.44 -157.92  -66.95
  150 -112.49 -151.66  -73.31
  151 -114.06 -153.45  -74.68
  152 -113.30 -153.35  -73.25
  153 -111.48 -148.86  -74.10
  154 -107.96 -140.02  -75.91
  155 -108.43 -140.22  -76.64
  156 -109.50 -143.10  -75.91
  157 -106.12 -141.47  -70.77
  158 -104.90 -142.53  -67.28
  159 -105.33 -145.56  -65.11
  160 -106.20 -148.61  -63.78
  161 -106.53 -148.71  -64.35
  162 -107.92 -147.86  -67.97
  163 -108.70 -146.82  -70.58
  164 -108.76 -146.84  -70.67
  165 -108.83 -147.83  -69.82
  166 -109.38 -148.02  -70.73
  167 -110.01 -150.96  -69.06
  168 -110.74 -149.77  -71.70
  169 -111.15 -149.92  -72.38
  170 -111.54 -149.18  -73.91
  171 -112.04 -147.87  -76.21
  172 -111.03 -148.99  -73.06
  173 -109.67 -148.30  -71.04
  174 -108.49 -154.75  -62.22
  175 -108.13 -155.42  -60.83
  176 -108.11 -158.52  -57.70
  177 -107.29 -162.31  -52.27
  178 -108.24 -160.17  -56.31
  179 -104.78 -159.00  -50.56
  180 -104.76 -155.42  -54.10
  181 -103.69 -158.21  -49.17
  182 -105.10 -157.50  -52.70
  183 -105.79 -155.09  -56.49
  184 -106.07 -152.54  -59.60
  185 -104.96 -150.98  -58.93
  186 -106.01 -151.70  -60.32
  187 -104.70 -152.40  -57.00
  188 -103.85 -150.09  -57.62
  189 -103.82 -150.11  -57.53
  190 -103.32 -150.66  -55.99
  191 -103.25 -149.50  -57.00
  192 -103.72 -149.87  -57.56
  193 -103.62 -151.11  -56.12
  194 -102.80 -156.47  -49.13
  195 -103.75 -157.26  -50.24
  196 -104.05 -159.23  -48.87
  197 -102.51 -156.14  -48.88
  198 -102.39 -156.97  -47.81
  199 -103.15 -160.09  -46.22
  200 -103.42 -161.01  -45.82
  201 -104.32 -160.17  -48.47
  202 -104.34 -156.88  -51.80
  203 -104.64 -158.80  -50.48
  204 -104.05 -153.96  -54.14
  205 -103.76 -152.03  -55.50
  206 -105.53 -154.14  -56.91
  207 -103.22 -155.58  -50.85
  208 -104.80 -153.52  -56.09
  209 -106.06 -153.75  -58.37
  210 -103.92 -154.73  -53.10
  211 -104.92 -154.70  -55.15
  212 -104.73 -152.19  -57.27
  213 -107.12 -152.13  -62.11
  214 -109.26 -153.47  -65.06
  215 -110.34 -155.01  -65.67
  216 -109.26 -154.69  -63.83
  217 -110.56 -156.37  -64.75
  218 -111.40 -156.08  -66.72
  219 -110.54 -158.05  -63.03
  220 -111.53 -158.15  -64.92
  221 -110.57 -157.55  -63.58
  222 -109.91 -155.11  -64.72
  223 -108.38 -156.33  -60.43
  224 -109.52 -158.02  -61.02
  225 -109.38 -157.67  -61.09
  226 -110.25 -155.30  -65.19
  227 -111.17 -156.24  -66.10
  228 -111.36 -152.59  -70.14
  229 -111.42 -152.27  -70.57
  230 -111.20 -152.16  -70.24
  231 -106.67 -156.84  -56.50
  232 -104.05 -156.20  -51.90
  233 -102.08 -158.42  -45.74
  234 -102.65 -156.92  -48.38
  235 -103.06 -156.63  -49.48
  236 -101.41 -153.58  -49.23
  237 -101.45 -152.14  -50.76
  238  -98.74 -145.71  -51.77
  239  -97.15 -147.28  -47.01
  240  -97.53 -146.36  -48.71
  241  -98.06 -145.81  -50.31
  242  -98.80 -144.20  -53.41
  243  -98.97 -141.33  -56.61
  244  -98.36 -137.90  -58.82
  245  -93.78 -137.47  -50.09
  246  -93.49 -138.64  -48.34
  247  -94.23 -136.27  -52.19
  248  -95.81 -135.21  -56.41
  249  -95.82 -132.40  -59.24
  250  -93.76 -132.86  -54.66
  251  -93.29 -133.06  -53.52
  252  -92.77 -132.26  -53.28
  253  -93.81 -132.92  -54.71
  254  -93.43 -129.81  -57.05
  255  -91.26 -128.58  -53.94
  256  -89.68 -131.09  -48.27
  257  -86.07 -132.18  -39.96
  258  -85.96 -133.04  -38.89
  259  -85.78 -133.17  -38.39
  260  -87.75 -132.37  -43.12
  261  -88.25 -131.52  -44.98
  262  -87.90 -129.10  -46.70
  263  -88.42 -130.74  -46.10
  264  -88.06 -134.66  -41.46
  265  -88.54 -132.90  -44.18
  266  -88.66 -131.54  -45.77
  267  -87.70 -131.94  -43.46
  268  -86.86 -130.02  -43.70
  269  -86.16 -135.29  -37.03
  270  -85.86 -133.80  -37.93
  271  -84.62 -130.41  -38.83
  272  -83.30 -128.29  -38.32
  273  -81.98 -125.94  -38.02
  274  -81.74 -127.52  -35.97
  275  -80.82 -131.87  -29.76
  276  -82.58 -130.40  -34.76
  277  -81.28 -131.02  -31.53
  278  -79.01 -126.12  -31.89
  279  -76.06 -116.60  -35.52
  280  -73.89 -113.09  -34.69
  281  -73.40 -115.64  -31.15
  282  -73.89 -114.43  -33.35
  283  -74.91 -114.74  -35.08
  284  -75.40 -116.31  -34.49
  285  -76.13 -114.39  -37.86
  286  -76.93 -115.51  -38.35
  287  -77.03 -114.80  -39.27
  288  -78.71 -113.83  -43.60
  289  -79.53 -112.67  -46.40
  290  -80.54 -110.81  -50.26
  291  -80.13 -108.03  -52.23
  292  -79.11 -107.71  -50.51
  293  -78.77 -107.50  -50.05
  294  -79.94 -107.37  -52.50
  295  -77.56 -107.15  -47.98
  296  -76.91 -107.70  -46.12
  297  -76.23 -110.15  -42.30
  298  -75.82 -109.96  -41.68
  299  -74.82 -114.09  -35.55
  300  -74.49 -114.72  -34.26
  301  -73.69 -113.89  -33.49
  302  -73.35 -116.25  -30.44
  303  -73.51 -116.43  -30.59
  304  -73.19 -114.20  -32.18
  305  -72.51 -111.54  -33.47
  306  -72.96 -111.71  -34.21
  307  -74.35 -111.38  -37.32
  308  -74.33 -110.51  -38.15
  309  -74.44 -108.96  -39.92
  310  -73.46 -108.97  -37.95
  311  -72.82 -111.49  -34.16
  312  -71.95 -112.22  -31.68
  313  -68.75 -111.29  -26.21
  314  -66.10 -110.59  -21.60
  315  -65.63 -109.13  -22.13
  316  -66.20 -108.36  -24.04
  317  -66.15 -105.90  -26.39
  318  -66.78 -104.86  -28.70
  319  -67.06 -101.72  -32.39
  320  -66.05 -100.98  -31.11
  321  -63.75  -97.21  -30.29
  322  -63.23  -97.61  -28.85
  323  -63.52  -98.23  -28.80
  324  -63.38  -97.24  -29.52
  325  -61.94  -95.44  -28.45
  326  -60.86  -95.84  -25.88
  327  -61.81  -95.63  -27.99
  328  -61.71  -93.48  -29.94
  329  -61.43  -93.02  -29.83
  330  -61.31  -92.43  -30.19
  331  -62.61  -93.44  -31.77
  332  -64.04  -94.71  -33.37
  333  -65.28  -94.70  -35.86
  334  -66.83  -94.83  -38.84
  335  -67.42  -96.59  -38.24
  336  -67.41  -99.25  -35.57
  337  -67.59  -99.89  -35.29
  338  -67.22 -100.68  -33.76
  339  -66.89 -101.73  -32.04
  340  -66.84 -103.97  -29.70
  341  -67.01 -103.58  -30.43
  342  -66.99 -102.49  -31.50
  343  -66.94 -101.16  -32.72
  344  -66.10 -103.13  -29.07
  345  -66.05 -102.84  -29.25
  346  -64.21 -103.75  -24.67
  347  -64.80 -103.14  -26.47
  348  -64.58 -103.19  -25.98
  349  -64.91 -100.48  -29.34
  350  -64.50  -98.24  -30.76
  351  -64.03  -94.57  -33.49
  352  -62.22  -95.09  -29.35
  353  -60.95  -95.13  -26.78
  354  -61.02  -95.81  -26.23
  355  -61.58  -92.54  -30.61
  356  -63.29  -92.45  -34.12
  357  -63.41  -92.72  -34.11
  358  -62.77  -95.70  -29.84
  359  -62.55  -95.86  -29.24
  360  -62.52  -96.40  -28.65
  361  -61.80  -98.66  -24.94
  362  -61.89 -100.00  -23.77
  363  -61.72 -103.73  -19.71
  364  -62.73 -103.04  -22.42
  365  -62.43 -103.84  -21.02
