level	value	count	cumlative
0	0.01	1	0.000026
1	0.01	0	0.000026
2	0.01	0	0.000026
3	0.01	0	0.000026
4	0.01	0	0.000026
5	0.01	0	0.000026
6	0.01	0	0.000026
7	0.01	0	0.000026
8	0.01	0	0.000026
9	0.01	0	0.000026
10	0.01	0	0.000026
11	0.01	0	0.000026
12	0.01	0	0.000026
13	0.01	0	0.000026
14	0.01	0	0.000026
15	0.01	0	0.000026
16	0.01	0	0.000026
17	0.01	0	0.000026
18	0.01	0	0.000026
19	0.01	0	0.000026
20	0.01	0	0.000026
21	0.01	0	0.000026
22	0.01	0	0.000026
23	0.01	0	0.000026
24	0.01	0	0.000026
25	0.01	0	0.000026
26	0.01	0	0.000026
27	0.01	0	0.000026
28	0.01	1	0.000051
29	0.01	0	0.000051
30	0.01	0	0.000051
31	0.01	2	0.000102
32	0.01	0	0.000102
33	0.01	0	0.000102
34	0.01	0	0.000102
35	0.01	0	0.000102
36	0.01	0	0.000102
37	0.01	0	0.000102
38	0.01	0	0.000102
39	0.01	0	0.000102
40	0.01	1	0.000128
41	0.01	0	0.000128
42	0.01	0	0.000128
43	0.01	0	0.000128
44	0.01	0	0.000128
45	0.01	2	0.000179
46	0.01	0	0.000179
47	0.01	0	0.000179
48	0.01	1	0.000205
49	0.01	0	0.000205
50	0.01	0	0.000205
51	0.01	0	0.000205
52	0.01	0	0.000205
53	0.01	0	0.000205
54	0.01	4	0.000307
55	0.01	0	0.000307
56	0.01	0	0.000307
57	0.01	2	0.000358
58	0.01	0	0.000358
59	0.01	0	0.000358
60	0.01	1	0.000384
61	0.01	0	0.000384
62	0.01	0	0.000384
63	0.01	0	0.000384
64	0.01	1	0.000409
65	0.01	0	0.000409
66	0.01	0	0.000409
67	0.01	2	0.000460
68	0.01	0	0.000460
69	0.01	2	0.000511
70	0.01	2	0.000563
71	0.01	0	0.000563
72	0.01	0	0.000563
73	0.01	0	0.000563
74	0.01	1	0.000588
75	0.01	0	0.000588
76	0.01	3	0.000665
77	0.01	0	0.000665
78	0.01	0	0.000665
79	0.01	6	0.000818
80	0.01	3	0.000895
81	0.01	9	0.001125
82	0.01	6	0.001279
83	0.01	7	0.001458
84	0.01	18	0.001918
85	0.01	13	0.002250
86	0.01	8	0.002455
87	0.01	14	0.002813
88	0.01	12	0.003120
89	0.01	19	0.003605
90	0.01	10	0.003861
91	0.01	18	0.004321
92	0.01	17	0.004756
93	0.01	12	0.005063
94	0.01	12	0.005370
95	0.01	29	0.006111
96	0.01	8	0.006316
97	0.01	17	0.006751
98	0.01	16	0.007160
99	0.01	18	0.007620
100	0.01	20	0.008131
101	0.01	10	0.008387
102	0.01	34	0.009256
103	0.01	18	0.009717
104	0.01	12	0.010024
105	0.01	27	0.010714
106	0.01	16	0.011123
107	0.01	24	0.011737
108	0.01	26	0.012402
109	0.01	21	0.012939
110	0.01	13	0.013271
111	0.01	30	0.014038
112	0.01	22	0.014601
113	0.01	36	0.015521
114	0.01	29	0.016263
115	0.01	37	0.017209
116	0.01	23	0.017797
117	0.01	31	0.018590
118	0.01	23	0.019178
119	0.01	44	0.020303
120	0.01	28	0.021019
121	0.01	29	0.021760
122	0.01	25	0.022400
123	0.01	45	0.023550
124	0.01	24	0.024164
125	0.01	39	0.025161
126	0.01	40	0.026184
127	0.01	56	0.027616
128	0.01	39	0.028613
129	0.01	27	0.029303
130	0.01	74	0.031196
131	0.01	46	0.032372
132	0.01	138	0.035901
133	0.01	73	0.037767
134	0.01	182	0.042421
135	0.01	84	0.044569
136	0.01	98	0.047075
137	0.01	234	0.053058
138	0.01	74	0.054950
139	0.01	188	0.059758
140	0.01	96	0.062212
141	0.01	90	0.064514
142	0.01	136	0.067991
143	0.01	75	0.069909
144	0.01	117	0.072901
145	0.01	67	0.074614
146	0.01	59	0.076123
147	0.01	96	0.078577
148	0.01	62	0.080163
149	0.01	118	0.083180
150	0.01	75	0.085098
151	0.01	63	0.086709
152	0.01	125	0.089905
153	0.01	101	0.092487
154	0.01	79	0.094508
155	0.01	205	0.099749
156	0.01	145	0.103457
157	0.01	136	0.106935
158	0.01	225	0.112688
159	0.01	198	0.117751
160	0.01	313	0.125754
161	0.01	254	0.132249
162	0.01	304	0.140023
163	0.01	406	0.150404
164	0.01	420	0.161144
165	0.01	412	0.171678
166	0.01	637	0.187967
167	0.01	699	0.205840
168	0.01	651	0.222486
169	0.01	796	0.242840
170	0.01	439	0.254066
171	0.01	381	0.263808
172	0.01	273	0.270789
173	0.01	115	0.273729
174	0.01	91	0.276056
175	0.01	77	0.278025
176	0.01	96	0.280480
177	0.01	69	0.282244
178	0.01	70	0.284034
179	0.01	56	0.285466
180	0.01	31	0.286259
181	0.01	30	0.287026
182	0.01	50	0.288304
183	0.01	27	0.288995
184	0.01	30	0.289762
185	0.01	21	0.290299
186	0.01	24	0.290912
187	0.01	20	0.291424
188	0.01	42	0.292498
189	0.01	10	0.292753
190	0.01	11	0.293035
191	0.01	36	0.293955
192	0.01	7	0.294134
193	0.01	19	0.294620
194	0.01	12	0.294927
195	0.01	20	0.295438
196	0.01	10	0.295694
197	0.01	14	0.296052
198	0.01	27	0.296742
199	0.01	2	0.296793
200	0.01	28	0.297509
201	0.01	28	0.298225
202	0.01	21	0.298762
203	0.01	14	0.299120
204	0.01	10	0.299376
205	0.01	21	0.299913
206	0.01	33	0.300757
207	0.01	10	0.301013
208	0.01	32	0.301831
209	0.01	22	0.302393
210	0.01	18	0.302854
211	0.01	36	0.303774
212	0.01	29	0.304516
213	0.01	39	0.305513
214	0.01	30	0.306280
215	0.01	32	0.307098
216	0.01	19	0.307584
217	0.01	17	0.308019
218	0.01	31	0.308811
219	0.01	37	0.309758
220	0.01	10	0.310013
221	0.01	55	0.311420
222	0.01	2	0.311471
223	0.01	32	0.312289
224	0.01	24	0.312903
225	0.01	28	0.313619
226	0.01	29	0.314360
227	0.01	33	0.315204
228	0.01	19	0.315690
229	0.01	44	0.316815
230	0.01	18	0.317275
231	0.01	55	0.318682
232	0.01	20	0.319193
233	0.01	37	0.320139
234	0.01	35	0.321034
235	0.01	63	0.322645
236	0.01	18	0.323105
237	0.01	47	0.324307
238	0.01	39	0.325304
239	0.01	32	0.326123
240	0.01	70	0.327912
241	0.01	79	0.329932
242	0.01	4	0.330035
243	0.01	80	0.332080
244	0.01	37	0.333026
245	0.01	63	0.334637
246	0.01	61	0.336197
247	0.01	37	0.337143
248	0.01	71	0.338959
249	0.01	106	0.341669
250	0.01	2	0.341720
251	0.01	85	0.343894
252	0.01	74	0.345786
253	0.01	28	0.346502
254	0.01	99	0.349033
255	0.01	85	0.351207
256	0.01	29	0.351948
257	0.01	95	0.354378
258	0.01	79	0.356398
259	0.01	33	0.357241
260	0.01	90	0.359543
261	0.01	95	0.361972
262	0.01	14	0.362330
263	0.01	91	0.364657
264	0.01	130	0.367981
265	0.01	3	0.368058
266	0.01	110	0.370870
267	0.01	70	0.372660
268	0.01	25	0.373300
269	0.01	140	0.376879
270	0.01	81	0.378951
271	0.01	53	0.380306
272	0.01	100	0.382863
273	0.01	122	0.385982
274	0.01	30	0.386750
275	0.01	80	0.388795
276	0.01	123	0.391940
277	0.01	29	0.392682
278	0.01	94	0.395085
279	0.01	155	0.399049
280	0.01	102	0.401657
281	0.01	29	0.402398
282	0.01	126	0.405620
283	0.01	108	0.408382
284	0.01	37	0.409328
285	0.01	137	0.412831
286	0.01	114	0.415746
287	0.01	36	0.416667
288	0.01	156	0.420656
289	0.01	157	0.424670
290	0.01	86	0.426869
291	0.01	32	0.427687
292	0.01	159	0.431753
293	0.01	118	0.434770
294	0.01	21	0.435307
295	0.01	152	0.439194
296	0.01	187	0.443976
297	0.01	21	0.444513
298	0.01	157	0.448527
299	0.01	119	0.451570
300	0.01	168	0.455866
301	0.01	30	0.456633
302	0.01	142	0.460264
303	0.01	209	0.465608
304	0.01	4	0.465710
305	0.01	132	0.469086
306	0.01	234	0.475069
307	0.01	208	0.480388
308	0.01	24	0.481001
309	0.01	146	0.484735
310	0.01	285	0.492022
311	0.01	127	0.495270
312	0.01	24	0.495883
313	0.01	217	0.501432
314	0.01	180	0.506035
315	0.01	33	0.506878
316	0.01	221	0.512529
317	0.01	190	0.517388
318	0.01	238	0.523473
319	0.01	28	0.524189
320	0.01	180	0.528792
321	0.01	195	0.533778
322	0.01	234	0.539762
323	0.01	28	0.540478
324	0.01	164	0.544671
325	0.01	255	0.551192
326	0.01	179	0.555769
327	0.01	27	0.556459
328	0.01	246	0.562749
329	0.01	160	0.566841
330	0.01	233	0.572798
331	0.01	3	0.572875
332	0.01	236	0.578910
333	0.01	234	0.584893
334	0.01	166	0.589138
335	0.01	4	0.589240
336	0.01	256	0.595786
337	0.01	161	0.599903
338	0.01	254	0.606398
339	0.01	15	0.606781
340	0.01	219	0.612381
341	0.01	190	0.617239
342	0.01	225	0.622993
343	0.01	6	0.623146
344	0.01	173	0.627570
345	0.01	165	0.631789
346	0.01	122	0.634908
347	0.01	1	0.634934
348	0.01	220	0.640559
349	0.01	125	0.643756
350	0.01	193	0.648691
351	0.01	122	0.651810
352	0.01	47	0.653012
353	0.01	149	0.656822
354	0.01	168	0.661118
355	0.01	80	0.663164
356	0.01	38	0.664135
357	0.01	157	0.668150
358	0.01	121	0.671244
359	0.01	109	0.674031
360	0.01	104	0.676690
361	0.01	6	0.676844
362	0.01	158	0.680884
363	0.01	59	0.682392
364	0.01	154	0.686330
365	0.01	47	0.687532
366	0.01	37	0.688478
367	0.01	121	0.691572
368	0.01	96	0.694027
369	0.01	146	0.697760
370	0.01	3	0.697837
371	0.01	135	0.701289
372	0.01	72	0.703130
373	0.01	152	0.707016
374	0.01	51	0.708321
375	0.01	63	0.709931
376	0.01	87	0.712156
377	0.01	132	0.715531
378	0.01	146	0.719265
379	0.01	30	0.720032
380	0.01	122	0.723151
381	0.01	5	0.723279
382	0.01	98	0.725785
383	0.01	71	0.727600
384	0.01	76	0.729544
385	0.01	82	0.731641
386	0.01	12	0.731947
387	0.01	101	0.734530
388	0.01	34	0.735399
389	0.01	98	0.737905
390	0.01	87	0.740130
391	0.01	35	0.741025
392	0.01	84	0.743173
393	0.01	32	0.743991
394	0.01	81	0.746062
395	0.01	58	0.747545
396	0.01	78	0.749540
397	0.01	71	0.751355
398	0.01	104	0.754015
399	0.01	19	0.754500
400	0.01	116	0.757467
401	0.01	24	0.758080
402	0.01	88	0.760330
403	0.01	109	0.763118
404	0.01	7	0.763297
405	0.01	118	0.766314
406	0.01	110	0.769127
407	0.01	37	0.770073
408	0.01	114	0.772988
409	0.01	135	0.776440
410	0.01	6	0.776593
411	0.01	98	0.779099
412	0.01	127	0.782346
413	0.01	10	0.782602
414	0.01	123	0.785747
415	0.01	95	0.788176
416	0.01	29	0.788918
417	0.01	75	0.790836
418	0.01	121	0.793930
419	0.01	19	0.794415
420	0.01	106	0.797126
421	0.01	81	0.799197
422	0.01	63	0.800808
423	0.01	41	0.801856
424	0.01	63	0.803467
425	0.01	92	0.805820
426	0.01	25	0.806459
427	0.01	87	0.808684
428	0.01	86	0.810883
429	0.01	70	0.812673
430	0.01	14	0.813031
431	0.01	80	0.815076
432	0.01	38	0.816048
433	0.01	84	0.818196
434	0.01	36	0.819116
435	0.01	43	0.820216
436	0.01	119	0.823259
437	0.01	58	0.824742
438	0.01	16	0.825151
439	0.01	84	0.827299
440	0.01	63	0.828910
441	0.01	55	0.830316
442	0.01	124	0.833487
443	0.01	5	0.833615
444	0.01	71	0.835430
445	0.01	56	0.836862
446	0.01	60	0.838396
447	0.01	76	0.840340
448	0.01	64	0.841976
449	0.01	26	0.842641
450	0.01	55	0.844047
451	0.01	73	0.845914
452	0.01	68	0.847653
453	0.01	34	0.848522
454	0.01	45	0.849673
455	0.01	78	0.851667
456	0.01	3	0.851744
457	0.01	86	0.853943
458	0.01	12	0.854250
459	0.01	46	0.855426
460	0.01	69	0.857190
461	0.01	17	0.857625
462	0.01	37	0.858571
463	0.01	34	0.859441
464	0.01	38	0.860412
465	0.01	70	0.862202
466	0.01	18	0.862662
467	0.01	22	0.863225
468	0.01	69	0.864989
469	0.01	10	0.865245
470	0.01	56	0.866677
471	0.01	27	0.867367
472	0.01	32	0.868186
473	0.01	32	0.869004
474	0.01	26	0.869669
475	0.01	44	0.870794
476	0.01	17	0.871228
477	0.01	38	0.872200
478	0.01	47	0.873402
479	0.01	10	0.873658
480	0.01	64	0.875294
481	0.01	15	0.875678
482	0.01	42	0.876752
483	0.01	42	0.877826
484	0.01	3	0.877902
485	0.01	72	0.879743
486	0.01	2	0.879794
487	0.01	10	0.880050
488	0.01	59	0.881559
489	0.01	22	0.882121
490	0.01	28	0.882837
491	0.01	32	0.883656
492	0.01	8	0.883860
493	0.01	91	0.886187
494	0.01	9	0.886417
495	0.01	34	0.887286
496	0.01	32	0.888105
497	0.01	12	0.888412
498	0.01	28	0.889128
499	0.01	48	0.890355
500	0.01	29	0.891096
501	0.01	6	0.891250
502	0.01	43	0.892349
503	0.01	34	0.893219
504	0.01	46	0.894395
505	0.01	31	0.895188
506	0.01	11	0.895469
507	0.01	34	0.896338
508	0.01	26	0.897003
509	0.01	12	0.897310
510	0.01	63	0.898921
511	0.01	5	0.899049
512	0.01	37	0.899995
513	0.01	35	0.900890
514	0.01	4	0.900992
515	0.01	76	0.902935
516	0.01	7	0.903114
517	0.01	33	0.903958
518	0.01	54	0.905339
519	0.01	0	0.905339
520	0.01	64	0.906976
521	0.01	4	0.907078
522	0.01	46	0.908254
523	0.01	33	0.909098
524	0.01	8	0.909302
525	0.01	40	0.910325
526	0.01	56	0.911757
527	0.01	37	0.912703
528	0.01	29	0.913445
529	0.01	40	0.914468
530	0.01	2	0.914519
531	0.01	45	0.915669
532	0.01	47	0.916871
533	0.01	7	0.917050
534	0.01	77	0.919019
535	0.01	16	0.919428
536	0.01	46	0.920604
537	0.01	39	0.921602
538	0.01	3	0.921678
539	0.01	55	0.923085
540	0.01	3	0.923162
541	0.01	79	0.925182
542	0.01	0	0.925182
543	0.01	11	0.925463
544	0.01	54	0.926844
545	0.01	7	0.927023
546	0.01	60	0.928557
547	0.01	3	0.928634
548	0.01	30	0.929401
549	0.01	43	0.930500
550	0.01	5	0.930628
551	0.01	57	0.932086
552	0.01	7	0.932264
553	0.01	25	0.932904
554	0.01	37	0.933850
555	0.01	33	0.934694
556	0.01	50	0.935972
557	0.01	9	0.936202
558	0.01	16	0.936611
559	0.01	43	0.937711
560	0.01	23	0.938299
561	0.01	41	0.939347
562	0.01	14	0.939705
563	0.01	10	0.939961
564	0.01	48	0.941189
565	0.01	11	0.941470
566	0.01	23	0.942058
567	0.01	15	0.942441
568	0.01	9	0.942672
569	0.01	50	0.943950
570	0.01	8	0.944155
571	0.01	53	0.945510
572	0.01	4	0.945612
573	0.01	6	0.945766
574	0.01	46	0.946942
575	0.01	0	0.946942
576	0.01	61	0.948502
577	0.01	3	0.948578
578	0.01	17	0.949013
579	0.01	31	0.949806
580	0.01	10	0.950061
581	0.01	44	0.951186
582	0.01	2	0.951238
583	0.01	45	0.952388
584	0.01	7	0.952567
585	0.01	15	0.952951
586	0.01	27	0.953641
587	0.01	9	0.953871
588	0.01	24	0.954485
589	0.01	19	0.954971
590	0.01	27	0.955661
591	0.01	1	0.955687
592	0.01	20	0.956198
593	0.01	21	0.956735
594	0.01	19	0.957221
595	0.01	40	0.958244
596	0.01	11	0.958525
597	0.01	15	0.958909
598	0.01	30	0.959676
599	0.01	13	0.960008
600	0.01	36	0.960929
601	0.01	4	0.961031
602	0.01	44	0.962156
603	0.01	1	0.962182
604	0.01	17	0.962616
605	0.01	8	0.962821
606	0.01	10	0.963077
607	0.01	21	0.963614
608	0.01	2	0.963665
609	0.01	30	0.964432
610	0.01	7	0.964611
611	0.01	28	0.965327
612	0.01	18	0.965787
613	0.01	3	0.965864
614	0.01	22	0.966426
615	0.01	3	0.966503
616	0.01	24	0.967117
617	0.01	5	0.967245
618	0.01	26	0.967909
619	0.01	6	0.968063
620	0.01	27	0.968753
621	0.01	0	0.968753
622	0.01	15	0.969137
623	0.01	17	0.969571
624	0.01	2	0.969623
625	0.01	15	0.970006
626	0.01	8	0.970211
627	0.01	22	0.970773
628	0.01	5	0.970901
629	0.01	15	0.971285
630	0.01	6	0.971438
631	0.01	25	0.972077
632	0.01	9	0.972307
633	0.01	8	0.972512
634	0.01	21	0.973049
635	0.01	9	0.973279
636	0.01	13	0.973612
637	0.01	5	0.973739
638	0.01	18	0.974200
639	0.01	0	0.974200
640	0.01	17	0.974634
641	0.01	4	0.974737
642	0.01	17	0.975171
643	0.01	3	0.975248
644	0.01	15	0.975632
645	0.01	9	0.975862
646	0.01	0	0.975862
647	0.01	16	0.976271
648	0.01	6	0.976424
649	0.01	14	0.976782
650	0.01	0	0.976782
651	0.01	9	0.977012
652	0.01	2	0.977064
653	0.01	8	0.977268
654	0.01	12	0.977575
655	0.01	18	0.978035
656	0.01	2	0.978086
657	0.01	18	0.978547
658	0.01	1	0.978572
659	0.01	11	0.978853
660	0.01	4	0.978956
661	0.01	12	0.979263
662	0.01	2	0.979314
663	0.01	12	0.979621
664	0.01	3	0.979697
665	0.01	3	0.979774
666	0.01	10	0.980030
667	0.01	10	0.980285
668	0.01	3	0.980362
669	0.01	9	0.980592
670	0.01	2	0.980643
671	0.01	8	0.980848
672	0.01	3	0.980925
673	0.01	5	0.981052
674	0.01	9	0.981283
675	0.01	4	0.981385
676	0.01	7	0.981564
677	0.01	0	0.981564
678	0.01	10	0.981820
679	0.01	0	0.981820
680	0.01	11	0.982101
681	0.01	2	0.982152
682	0.01	15	0.982536
683	0.01	5	0.982663
684	0.01	0	0.982663
685	0.01	11	0.982945
686	0.01	1	0.982970
687	0.01	5	0.983098
688	0.01	2	0.983149
689	0.01	8	0.983354
690	0.01	0	0.983354
691	0.01	14	0.983712
692	0.01	1	0.983737
693	0.01	5	0.983865
694	0.01	2	0.983916
695	0.01	7	0.984095
696	0.01	3	0.984172
697	0.01	2	0.984223
698	0.01	4	0.984325
699	0.01	4	0.984428
700	0.01	4	0.984530
701	0.01	6	0.984683
702	0.01	1	0.984709
703	0.01	6	0.984862
704	0.01	0	0.984862
705	0.01	8	0.985067
706	0.01	2	0.985118
707	0.01	3	0.985195
708	0.01	3	0.985272
709	0.01	5	0.985399
710	0.01	3	0.985476
711	0.01	9	0.985706
712	0.01	4	0.985809
713	0.01	0	0.985809
714	0.01	10	0.986064
715	0.01	0	0.986064
716	0.01	5	0.986192
717	0.01	2	0.986243
718	0.01	8	0.986448
719	0.01	1	0.986473
720	0.01	5	0.986601
721	0.01	3	0.986678
722	0.01	0	0.986678
723	0.01	2	0.986729
724	0.01	3	0.986806
725	0.01	1	0.986831
726	0.01	0	0.986831
727	0.01	8	0.987036
728	0.01	0	0.987036
729	0.01	8	0.987240
730	0.01	7	0.987419
731	0.01	0	0.987419
732	0.01	1	0.987445
733	0.01	1	0.987471
734	0.01	2	0.987522
735	0.01	2	0.987573
736	0.01	1	0.987598
737	0.01	6	0.987752
738	0.01	0	0.987752
739	0.01	5	0.987880
740	0.01	0	0.987880
741	0.01	4	0.987982
742	0.01	0	0.987982
743	0.01	9	0.988212
744	0.01	1	0.988238
745	0.01	2	0.988289
746	0.01	3	0.988366
747	0.01	0	0.988366
748	0.01	1	0.988391
749	0.01	0	0.988391
750	0.01	5	0.988519
751	0.01	1	0.988545
752	0.01	1	0.988570
753	0.01	4	0.988672
754	0.01	2	0.988724
755	0.01	1	0.988749
756	0.01	4	0.988851
757	0.01	0	0.988851
758	0.01	3	0.988928
759	0.01	1	0.988954
760	0.01	8	0.989158
761	0.01	3	0.989235
762	0.01	0	0.989235
763	0.01	2	0.989286
764	0.01	1	0.989312
765	0.01	2	0.989363
766	0.01	4	0.989465
767	0.01	0	0.989465
768	0.01	3	0.989542
769	0.01	0	0.989542
770	0.01	5	0.989670
771	0.01	0	0.989670
772	0.01	2	0.989721
773	0.01	1	0.989746
774	0.01	5	0.989874
775	0.01	0	0.989874
776	0.01	4	0.989976
777	0.01	1	0.990002
778	0.01	5	0.990130
779	0.01	3	0.990207
780	0.01	1	0.990232
781	0.01	2	0.990283
782	0.01	0	0.990283
783	0.01	0	0.990283
784	0.01	1	0.990309
785	0.01	2	0.990360
786	0.01	0	0.990360
787	0.01	0	0.990360
788	0.01	2	0.990411
789	0.01	1	0.990437
790	0.01	7	0.990616
791	0.01	0	0.990616
792	0.01	2	0.990667
793	0.01	3	0.990744
794	0.01	0	0.990744
795	0.01	0	0.990744
796	0.01	4	0.990846
797	0.01	1	0.990871
798	0.01	1	0.990897
799	0.01	2	0.990948
800	0.01	2	0.990999
801	0.01	3	0.991076
802	0.01	1	0.991102
803	0.01	3	0.991178
804	0.01	2	0.991229
805	0.01	0	0.991229
806	0.01	3	0.991306
807	0.01	1	0.991332
808	0.01	3	0.991408
809	0.01	2	0.991460
810	0.01	2	0.991511
811	0.01	4	0.991613
812	0.01	0	0.991613
813	0.01	5	0.991741
814	0.01	0	0.991741
815	0.01	4	0.991843
816	0.01	0	0.991843
817	0.01	6	0.991997
818	0.01	0	0.991997
819	0.01	4	0.992099
820	0.01	6	0.992252
821	0.01	2	0.992303
822	0.01	8	0.992508
823	0.01	0	0.992508
824	0.01	3	0.992585
825	0.01	0	0.992585
826	0.01	8	0.992789
827	0.01	0	0.992789
828	0.01	10	0.993045
829	0.01	3	0.993122
830	0.01	0	0.993122
831	0.01	2	0.993173
832	0.01	2	0.993224
833	0.01	0	0.993224
834	0.01	2	0.993275
835	0.01	2	0.993326
836	0.01	8	0.993531
837	0.01	3	0.993607
838	0.01	0	0.993607
839	0.01	3	0.993684
840	0.01	0	0.993684
841	0.01	6	0.993838
842	0.01	2	0.993889
843	0.01	1	0.993914
844	0.01	0	0.993914
845	0.01	3	0.993991
846	0.01	4	0.994093
847	0.01	0	0.994093
848	0.01	2	0.994144
849	0.01	0	0.994144
850	0.01	2	0.994196
851	0.01	0	0.994196
852	0.01	2	0.994247
853	0.01	8	0.994451
854	0.01	0	0.994451
855	0.01	5	0.994579
856	0.01	0	0.994579
857	0.01	2	0.994630
858	0.01	1	0.994656
859	0.01	3	0.994733
860	0.01	5	0.994860
861	0.01	0	0.994860
862	0.01	6	0.995014
863	0.01	0	0.995014
864	0.01	3	0.995091
865	0.01	6	0.995244
866	0.01	1	0.995270
867	0.01	2	0.995321
868	0.01	1	0.995346
869	0.01	6	0.995500
870	0.01	2	0.995551
871	0.01	1	0.995576
872	0.01	2	0.995627
873	0.01	6	0.995781
874	0.01	3	0.995858
875	0.01	2	0.995909
876	0.01	2	0.995960
877	0.01	9	0.996190
878	0.01	2	0.996241
879	0.01	1	0.996267
880	0.01	2	0.996318
881	0.01	3	0.996395
882	0.01	0	0.996395
883	0.01	3	0.996471
884	0.01	0	0.996471
885	0.01	0	0.996471
886	0.01	4	0.996574
887	0.01	4	0.996676
888	0.01	2	0.996727
889	0.01	3	0.996804
890	0.01	0	0.996804
891	0.01	1	0.996829
892	0.01	2	0.996880
893	0.01	1	0.996906
894	0.01	0	0.996906
895	0.01	2	0.996957
896	0.01	3	0.997034
897	0.01	1	0.997059
898	0.01	1	0.997085
899	0.01	1	0.997111
900	0.01	0	0.997111
901	0.01	1	0.997136
902	0.01	5	0.997264
903	0.01	0	0.997264
904	0.01	3	0.997341
905	0.01	1	0.997366
906	0.01	3	0.997443
907	0.01	0	0.997443
908	0.01	2	0.997494
909	0.01	1	0.997520
910	0.01	1	0.997545
911	0.01	1	0.997571
912	0.01	4	0.997673
913	0.01	0	0.997673
914	0.01	0	0.997673
915	0.01	3	0.997750
916	0.01	1	0.997775
917	0.01	2	0.997827
918	0.01	0	0.997827
919	0.01	4	0.997929
920	0.01	2	0.997980
921	0.01	0	0.997980
922	0.01	0	0.997980
923	0.01	4	0.998082
924	0.01	1	0.998108
925	0.01	2	0.998159
926	0.01	0	0.998159
927	0.01	0	0.998159
928	0.01	1	0.998185
929	0.01	2	0.998236
930	0.01	1	0.998261
931	0.01	0	0.998261
932	0.01	2	0.998312
933	0.01	1	0.998338
934	0.01	2	0.998389
935	0.01	1	0.998415
936	0.01	2	0.998466
937	0.01	1	0.998491
938	0.01	0	0.998491
939	0.01	4	0.998594
940	0.01	1	0.998619
941	0.01	3	0.998696
942	0.01	2	0.998747
943	0.01	1	0.998773
944	0.01	1	0.998798
945	0.01	2	0.998849
946	0.01	1	0.998875
947	0.01	2	0.998926
948	0.01	1	0.998952
949	0.01	1	0.998977
950	0.01	0	0.998977
951	0.01	0	0.998977
952	0.01	0	0.998977
953	0.01	2	0.999028
954	0.01	2	0.999079
955	0.01	6	0.999233
956	0.01	2	0.999284
957	0.01	0	0.999284
958	0.01	0	0.999284
959	0.01	1	0.999310
960	0.01	2	0.999361
961	0.01	3	0.999437
962	0.01	1	0.999463
963	0.01	1	0.999489
964	0.01	0	0.999489
965	0.01	0	0.999489
966	0.01	1	0.999514
967	0.01	0	0.999514
968	0.01	2	0.999565
969	0.01	0	0.999565
970	0.01	2	0.999616
971	0.01	1	0.999642
972	0.01	0	0.999642
973	0.01	0	0.999642
974	0.01	0	0.999642
975	0.01	2	0.999693
976	0.01	1	0.999719
977	0.01	0	0.999719
978	0.01	1	0.999744
979	0.01	0	0.999744
980	0.01	0	0.999744
981	0.01	2	0.999795
982	0.01	0	0.999795
983	0.01	3	0.999872
984	0.01	1	0.999898
985	0.01	0	0.999898
986	0.01	0	0.999898
987	0.01	0	0.999898
988	0.01	0	0.999898
989	0.01	1	0.999923
990	0.01	0	0.999923
991	0.01	0	0.999923
992	0.01	0	0.999923
993	0.01	2	0.999974
994	0.01	0	0.999974
995	0.01	0	0.999974
996	0.01	0	0.999974
997	0.01	0	0.999974
998	0.01	0	0.999974
999	0.01	1	1.000000
