# BRON: KONINKLIJK NEDERLANDS METEOROLOGISCH INSTITUUT (KNMI)
# Opmerking: door stationsverplaatsingen en veranderingen in waarneemmethodieken zijn deze tijdreeksen van dagwaarden mogelijk inhomogeen! Dat betekent dat deze reeks van gemeten waarden niet geschikt is voor trendanalyse. Voor studies naar klimaatverandering verwijzen we naar de gehomogeniseerde reeks maandtemperaturen van De Bilt <http://www.knmi.nl/kennis-en-datacentrum/achtergrond/gehomogeniseerde-reeks-maandtemperaturen-de-bilt> of de Centraal Nederland Temperatuur <http://www.knmi.nl/kennis-en-datacentrum/achtergrond/centraal-nederland-temperatuur-cnt>.
# 
# 
# STN      LON(east)   LAT(north)     ALT(m)  NAME
# 215:         4.437       52.141      -1.20  VOORSCHOTEN
# 
# YYYYMMDD = Date (YYYY=year MM=month DD=day); 
# DR       = Precipitation duration (in 0.1 hour); 
# RH       = Daily precipitation amount (in 0.1 mm) (-1 for <0.05 mm); 
# RHX      = Maximum hourly precipitation amount (in 0.1 mm) (-1 for <0.05 mm); 
# RHXH     = Hourly division in which RHX was measured; 
# EV24 = DR= 
# RH       = Daily precipitation amount (in 0.1 mm) (-1 for <0.05 mm); 
# EV24     = Potential evapotranspiration (Makkink) (in 0.1 mm); 
# 
# STN,YYYYMMDD,   DR,   RH,  RHX, RHXH,EV24 = DR,   RH, EV24
# 
  215,20140715,     ,     ,     ,     ,  215,     ,     
  215,20140716,    0,    0,    0,    1,  215,    0,   46
  215,20140717,    0,    0,    0,    1,  215,    0,   47
  215,20140718,    0,    0,    0,    1,  215,    0,   51
  215,20140719,    0,   -1,   -1,   18,  215,   -1,   40
  215,20140720,    6,   50,   50,    4,  215,   50,   25
  215,20140721,   25,   16,    8,   15,  215,   16,    9
  215,20140722,    2,   10,   10,    4,  215,   10,   50
  215,20140723,    0,    0,    0,    1,  215,    0,   53
  215,20140724,    0,    0,    0,    1,  215,    0,   47
  215,20140725,    0,   -1,   -1,    5,  215,   -1,   19
  215,20140726,    0,   -1,   -1,    1,  215,   -1,   42
  215,20140727,    0,   -1,   -1,   24,  215,   -1,   38
  215,20140728,   56,  251,   84,    8,  215,  251,   24
  215,20140729,    0,   -1,   -1,    8,  215,   -1,   26
  215,20140730,    0,    0,    0,    1,  215,    0,   34
  215,20140731,    0,    0,    0,    1,  215,    0,   39
  215,20140801,    0,    0,    0,    1,  215,    0,   39
  215,20140802,    0,    0,    0,    1,  215,    0,   28
  215,20140803,    7,  133,  133,   24,  215,  133,   40
  215,20140804,   15,   17,   14,    1,  215,   17,   43
  215,20140805,    0,    0,    0,    1,  215,    0,   40
  215,20140806,   37,   44,   25,   16,  215,   44,   11
  215,20140807,    0,   -1,   -1,    1,  215,   -1,   39
  215,20140808,    6,    7,    4,   17,  215,    7,   19
  215,20140809,   15,   28,   25,    4,  215,   28,   40
  215,20140810,   31,   63,   36,   15,  215,   63,   14
  215,20140811,    9,   22,    9,   23,  215,   22,   36
  215,20140812,   17,   69,   25,    1,  215,   69,   31
  215,20140813,   23,   42,   16,   21,  215,   42,   38
  215,20140814,   23,   73,   26,   20,  215,   73,   32
  215,20140815,   24,   44,   22,    5,  215,   44,   31
  215,20140816,    5,    2,    1,    2,  215,    2,   25
  215,20140817,   19,  111,   43,   20,  215,  111,   10
  215,20140818,   20,   42,   24,   12,  215,   42,   21
  215,20140819,   32,   65,   29,    1,  215,   65,   21
  215,20140820,   26,   31,   13,    8,  215,   31,   21
  215,20140821,   18,   64,   42,   23,  215,   64,   21
  215,20140822,   39,   42,   12,   14,  215,   42,   16
  215,20140823,   14,   47,   36,    7,  215,   47,   31
  215,20140824,    9,   48,   35,    3,  215,   48,   31
  215,20140825,   94,  112,   21,   24,  215,  112,   10
  215,20140826,   78,  136,   40,    2,  215,  136,   13
  215,20140827,    0,    0,    0,    1,  215,    0,   34
  215,20140828,    8,   15,   14,   17,  215,   15,   14
  215,20140829,    3,   12,   12,   24,  215,   12,   25
  215,20140830,   22,   33,   14,    7,  215,   33,   19
  215,20140831,   11,   20,    9,   16,  215,   20,   21
  215,20140901,    4,    4,    4,   18,  215,    4,   29
  215,20140902,    0,    0,    0,    1,  215,    0,   22
  215,20140903,    0,    0,    0,    1,  215,    0,   33
  215,20140904,    0,    0,    0,    1,  215,    0,   31
  215,20140905,    0,    0,    0,    1,  215,    0,   14
  215,20140906,    0,    0,    0,    1,  215,    0,   12
  215,20140907,    4,    3,    3,    1,  215,    3,   27
  215,20140908,    0,    0,    0,    1,  215,    0,   30
  215,20140909,    0,   -1,   -1,    4,  215,   -1,   13
  215,20140910,    0,    0,    0,    1,  215,    0,   18
  215,20140911,    0,    0,    0,    1,  215,    0,   20
  215,20140912,    0,    0,    0,    1,  215,    0,   28
  215,20140913,    0,    0,    0,    1,  215,    0,   20
  215,20140914,    0,    0,    0,    1,  215,    0,   17
  215,20140915,    0,    0,    0,    1,  215,    0,   26
  215,20140916,    0,    0,    0,    1,  215,    0,   22
  215,20140917,    0,    0,    0,    1,  215,    0,   28
  215,20140918,    0,    0,    0,    1,  215,    0,   27
  215,20140919,    0,    0,    0,    1,  215,    0,   16
  215,20140920,    0,    0,    0,    1,  215,    0,   17
  215,20140921,   10,    9,    7,    3,  215,    9,   19
  215,20140922,    2,    2,    2,   12,  215,    2,   13
  215,20140923,    0,    0,    0,    1,  215,    0,   12
  215,20140924,   29,  137,   67,   15,  215,  137,    8
  215,20140925,    0,   -1,   -1,    7,  215,   -1,   19
  215,20140926,    4,    3,    2,   11,  215,    3,   12
  215,20140927,    0,    0,    0,    1,  215,    0,   15
  215,20140928,    0,    0,    0,    1,  215,    0,   19
  215,20140929,   21,    8,    6,   16,  215,    8,   10
  215,20140930,    0,    0,    0,    1,  215,    0,   14
  215,20141001,    0,   -1,   -1,   24,  215,   -1,   14
  215,20141002,    0,   -1,   -1,    7,  215,   -1,    8
  215,20141003,    0,    0,    0,    1,  215,    0,   20
  215,20141004,   24,   87,   56,   20,  215,   87,   17
  215,20141005,    0,    0,    0,    1,  215,    0,   16
  215,20141006,   17,   13,    7,   24,  215,   13,    5
  215,20141007,   23,   78,   69,   10,  215,   78,   11
  215,20141008,   40,   61,   17,   11,  215,   61,    5
  215,20141009,   16,   13,    5,   22,  215,   13,   14
  215,20141010,    0,    0,    0,    1,  215,    0,   15
  215,20141011,   18,   16,   11,   13,  215,   16,    7
  215,20141012,   32,   34,   11,   20,  215,   34,   15
  215,20141013,    2,    4,    2,    7,  215,    4,    7
  215,20141014,   30,   33,   17,   22,  215,   33,    3
  215,20141015,   34,   12,    5,   22,  215,   12,   16
  215,20141016,   26,   41,   16,    7,  215,   41,   11
  215,20141017,    1,    1,    1,   11,  215,    1,   10
  215,20141018,    0,    0,    0,    1,  215,    0,   15
  215,20141019,    0,   -1,   -1,   10,  215,   -1,    9
  215,20141020,    5,   14,    9,   22,  215,   14,   10
  215,20141021,   98,  256,   56,   11,  215,  256,    4
  215,20141022,   37,   52,   24,    3,  215,   52,    9
  215,20141023,    1,    1,    1,    7,  215,    1,    5
  215,20141024,   96,   66,   19,   20,  215,   66,    3
  215,20141025,    4,    1,    1,    3,  215,    1,    5
  215,20141026,    0,    0,    0,    1,  215,    0,    6
  215,20141027,    0,    0,    0,    1,  215,    0,   13
  215,20141028,    0,    0,    0,    1,  215,    0,    5
  215,20141029,    5,    2,    1,    9,  215,    2,    2
  215,20141030,    0,   -1,   -1,    9,  215,   -1,    5
  215,20141031,    0,    0,    0,    1,  215,    0,    8
  215,20141101,    0,    0,    0,    1,  215,    0,   11
  215,20141102,   18,   14,    7,   22,  215,   14,   11
  215,20141103,   77,   84,   26,   21,  215,   84,    3
  215,20141104,    8,    5,    5,    1,  215,    5,    5
  215,20141105,    0,    0,    0,    1,  215,    0,    3
  215,20141106,    0,    0,    0,    1,  215,    0,    3
  215,20141107,   17,   13,    6,   10,  215,   13,    2
  215,20141108,    0,    0,    0,    1,  215,    0,    9
  215,20141109,    0,    0,    0,    1,  215,    0,    8
  215,20141110,    0,    0,    0,    1,  215,    0,    9
  215,20141111,    0,    0,    0,    1,  215,    0,    8
  215,20141112,    6,    6,    6,   11,  215,    6,    4
  215,20141113,    0,    0,    0,    1,  215,    0,    7
  215,20141114,   49,   61,   30,   19,  215,   61,    3
  215,20141115,  106,  113,   22,    6,  215,  113,    1
  215,20141116,  174,   80,    7,    7,  215,   80,    1
  215,20141117,    0,   -1,   -1,   19,  215,   -1,    5
  215,20141118,    7,    2,    1,   10,  215,    2,    1
  215,20141119,    0,    0,    0,    1,  215,    0,    1
  215,20141120,    0,    0,    0,    1,  215,    0,    2
  215,20141121,    0,   -1,   -1,   22,  215,   -1,    6
  215,20141122,    0,   -1,   -1,    6,  215,   -1,    5
  215,20141123,   53,   46,   13,   23,  215,   46,    5
  215,20141124,   16,   20,    8,    3,  215,   20,    5
  215,20141125,    0,    0,    0,    1,  215,    0,    4
  215,20141126,   11,   11,    8,   20,  215,   11,    2
  215,20141127,   32,   10,    4,   16,  215,   10,    1
  215,20141128,    0,    0,    0,    1,  215,    0,    2
  215,20141129,    0,    0,    0,    1,  215,    0,    5
  215,20141130,   26,   26,   18,   15,  215,   26,    1
  215,20141201,    0,    0,    0,    1,  215,    0,    1
  215,20141202,    0,    0,    0,    1,  215,    0,    1
  215,20141203,    0,   -1,   -1,   10,  215,   -1,    1
  215,20141204,    0,    0,    0,    1,  215,    0,    1
  215,20141205,   34,   21,   10,   17,  215,   21,    2
  215,20141206,    0,   -1,   -1,    1,  215,   -1,    4
  215,20141207,   34,   48,   23,   16,  215,   48,    1
  215,20141208,   26,   63,   32,   20,  215,   63,    2
  215,20141209,    3,    4,    3,    5,  215,    4,    3
  215,20141210,   47,   69,   26,    7,  215,   69,    5
  215,20141211,   45,   68,   13,   24,  215,   68,    2
  215,20141212,  121,  152,   37,    4,  215,  152,    1
  215,20141213,   10,   11,    9,   17,  215,   11,    1
  215,20141214,   10,    7,    5,   23,  215,    7,    4
  215,20141215,   61,   56,   10,   20,  215,   56,    2
  215,20141216,    5,    7,    4,   16,  215,    7,    3
  215,20141217,   51,   35,    9,    5,  215,   35,    1
  215,20141218,   21,   11,    4,    4,  215,   11,    2
  215,20141219,   72,   85,   21,    8,  215,   85,    3
  215,20141220,   13,   37,   17,   20,  215,   37,    2
  215,20141221,    0,    0,    0,    1,  215,    0,    2
  215,20141222,   14,    9,    6,   19,  215,    9,    1
  215,20141223,    0,    0,    0,    1,  215,    0,    5
  215,20141224,   60,   63,   19,    9,  215,   63,    2
  215,20141225,   27,   50,   14,   12,  215,   50,    2
  215,20141226,    2,    2,    2,    1,  215,    2,    3
  215,20141227,  176,  192,   27,    2,  215,  192,    0
  215,20141228,    3,    1,    1,   23,  215,    1,    4
  215,20141229,    9,   13,    5,    4,  215,   13,    3
  215,20141230,    0,   -1,   -1,   20,  215,   -1,    2
  215,20141231,    0,    0,    0,    1,  215,    0,    4
  215,20150101,   13,    3,    2,   24,  215,    3,    2
  215,20150102,   22,   21,    7,    7,  215,   21,    4
  215,20150103,   35,   29,   13,   10,  215,   29,    1
  215,20150104,    2,    3,    2,    8,  215,    3,    4
  215,20150105,    0,    0,    0,    1,  215,    0,    1
  215,20150106,   21,   10,    4,   20,  215,   10,    3
  215,20150107,   25,   26,   14,   23,  215,   26,    4
  215,20150108,   67,  124,   33,   13,  215,  124,    0
  215,20150109,   41,   71,   35,   17,  215,   71,    2
  215,20150110,   13,   23,   20,   13,  215,   23,    2
  215,20150111,    0,   -1,   -1,   17,  215,   -1,    3
  215,20150112,   64,   72,   18,   24,  215,   72,    2
  215,20150113,  150,  208,   25,    1,  215,  208,    1
  215,20150114,   22,   37,   18,    1,  215,   37,    3
  215,20150115,   98,  128,   32,   10,  215,  128,    1
  215,20150116,   27,   23,   12,   18,  215,   23,    5
  215,20150117,    2,    2,    2,   21,  215,    2,    5
  215,20150118,  122,   37,    7,   14,  215,   37,    1
  215,20150119,    0,    0,    0,    1,  215,    0,    3
  215,20150120,    0,    0,    0,    1,  215,    0,    3
  215,20150121,    0,    0,    0,    1,  215,    0,    3
  215,20150122,    0,   -1,   -1,    8,  215,   -1,    1
  215,20150123,    0,    0,    0,    1,  215,    0,    4
  215,20150124,   47,   66,   35,    4,  215,   66,    5
  215,20150125,    0,   -1,   -1,    8,  215,   -1,    3
  215,20150126,   35,   14,    6,   12,  215,   14,    2
  215,20150127,   13,    4,    2,   22,  215,    4,    5
  215,20150128,   43,   81,   31,   13,  215,   81,    1
  215,20150129,   49,  117,   40,   20,  215,  117,    3
  215,20150130,   31,   23,    7,    1,  215,   23,    5
  215,20150131,    7,    7,    3,   24,  215,    7,    4
  215,20150201,   28,   34,   14,   24,  215,   34,    4
  215,20150202,   33,   38,   12,    8,  215,   38,    5
  215,20150203,   14,   16,    5,    7,  215,   16,    7
  215,20150204,   15,    8,    3,   11,  215,    8,    5
  215,20150205,    7,   22,   21,    3,  215,   22,    6
  215,20150206,    0,    0,    0,    1,  215,    0,    8
  215,20150207,    8,    2,    1,   16,  215,    2,    4
  215,20150208,    0,    0,    0,    1,  215,    0,    6
  215,20150209,    0,   -1,   -1,   18,  215,   -1,    3
  215,20150210,    0,   -1,   -1,    4,  215,   -1,    2
  215,20150211,    0,    0,    0,    1,  215,    0,    2
  215,20150212,    0,    0,    0,    1,  215,    0,    2
  215,20150213,    0,   -1,   -1,    9,  215,   -1,    9
  215,20150214,    0,   -1,   -1,    1,  215,   -1,    4
  215,20150215,    0,    0,    0,    1,  215,    0,   10
  215,20150216,    0,    0,    0,    1,  215,    0,    8
  215,20150217,    8,    1,    1,    9,  215,    1,    8
  215,20150218,    0,    0,    0,    1,  215,    0,   11
  215,20150219,   23,   12,    6,   23,  215,   12,   11
  215,20150220,  216,  229,   22,   17,  215,  229,    2
  215,20150221,   29,   21,    7,    2,  215,   21,    6
  215,20150222,   30,   43,   17,   24,  215,   43,    9
  215,20150223,   25,   20,   16,    1,  215,   20,   11
  215,20150224,   28,   37,   18,    8,  215,   37,   10
  215,20150225,   16,   23,   19,   13,  215,   23,    4
  215,20150226,   69,   80,   28,   18,  215,   80,    3
  215,20150227,    0,    0,    0,    1,  215,    0,   10
  215,20150228,    0,   -1,   -1,   22,  215,   -1,   10
  215,20150301,   41,   73,   28,    1,  215,   73,   15
  215,20150302,    3,    2,    2,   13,  215,    2,   11
  215,20150303,   29,   36,   13,   10,  215,   36,    7
  215,20150304,    5,    2,    1,   17,  215,    2,    6
  215,20150305,    0,    0,    0,    1,  215,    0,   13
  215,20150306,    0,    0,    0,    1,  215,    0,    8
  215,20150307,    0,    0,    0,    1,  215,    0,   12
  215,20150308,   11,    3,    2,   21,  215,    3,   18
  215,20150309,    8,    6,    6,   24,  215,    6,   13
  215,20150310,    0,   -1,   -1,    1,  215,   -1,   18
  215,20150311,    0,    0,    0,    1,  215,    0,   15
  215,20150312,    0,    0,    0,    1,  215,    0,   19
  215,20150313,    0,    0,    0,    1,  215,    0,   18
  215,20150314,    0,   -1,   -1,   18,  215,   -1,    3
  215,20150315,    0,   -1,   -1,    8,  215,   -1,    5
  215,20150316,    0,    0,    0,    1,  215,    0,   17
  215,20150317,    0,    0,    0,    1,  215,    0,   18
  215,20150318,    0,    0,    0,    1,  215,    0,    4
  215,20150319,    0,    0,    0,    1,  215,    0,   13
  215,20150320,    0,   -1,   -1,   24,  215,   -1,   10
  215,20150321,   25,   14,    4,    2,  215,   14,   11
  215,20150322,    0,    0,    0,    1,  215,    0,   15
  215,20150323,    0,    0,    0,    1,  215,    0,   12
  215,20150324,   23,    5,    2,   23,  215,    5,   11
  215,20150325,  107,   56,    8,    4,  215,   56,    7
  215,20150326,   50,   68,   21,   15,  215,   68,    6
  215,20150327,    0,    0,    0,    1,  215,    0,   15
  215,20150328,   34,   16,    6,   10,  215,   16,    5
  215,20150329,   60,   98,   26,   12,  215,   98,    4
  215,20150330,   35,   72,   28,   23,  215,   72,   18
  215,20150331,   30,  109,   37,    5,  215,  109,   21
  215,20150401,   25,   23,   12,    5,  215,   23,   16
  215,20150402,   37,   33,   12,    2,  215,   33,   22
  215,20150403,    0,   -1,   -1,   15,  215,   -1,   12
  215,20150404,   42,   19,    6,    5,  215,   19,   12
  215,20150405,    0,    0,    0,    1,  215,    0,   24
  215,20150406,    5,    1,    1,    9,  215,    1,   10
  215,20150407,    0,    0,    0,    1,  215,    0,   20
  215,20150408,    0,    0,    0,    1,  215,    0,   20
  215,20150409,    0,    0,    0,    1,  215,    0,   26
  215,20150410,    0,    0,    0,    1,  215,    0,   27
  215,20150411,   14,   40,   35,   14,  215,   40,   13
  215,20150412,   11,    4,    3,   24,  215,    4,   28
  215,20150413,    0,   -1,   -1,    1,  215,   -1,   24
  215,20150414,    0,    0,    0,    1,  215,    0,   32
  215,20150415,    0,    0,    0,    1,  215,    0,   34
  215,20150416,    0,    0,    0,    1,  215,    0,   30
  215,20150417,    0,    0,    0,    1,  215,    0,   23
  215,20150418,    0,    0,    0,    1,  215,    0,   32
  215,20150419,    0,    0,    0,    1,  215,    0,   21
  215,20150420,    0,    0,    0,    1,  215,    0,   34
  215,20150421,    0,    0,    0,    1,  215,    0,   32
  215,20150422,    0,    0,    0,    1,  215,    0,   13
  215,20150423,    0,    0,    0,    1,  215,    0,   29
  215,20150424,    0,    0,    0,    1,  215,    0,   30
  215,20150425,   28,    9,    5,    7,  215,    9,   14
  215,20150426,   16,   26,   24,    4,  215,   26,    9
  215,20150427,    0,    0,    0,    1,  215,    0,   34
  215,20150428,    3,    3,    3,    7,  215,    3,   28
  215,20150429,   25,   32,   19,   20,  215,   32,   16
  215,20150430,    9,   17,   10,    7,  215,   17,   31
  215,20150501,    0,    0,    0,    1,  215,    0,   32
  215,20150502,    0,    0,    0,    1,  215,    0,   34
  215,20150503,   32,   36,   10,   13,  215,   36,   11
  215,20150504,   35,   36,   12,   23,  215,   36,   35
  215,20150505,   31,   73,   35,   11,  215,   73,   29
  215,20150506,    7,   39,   25,   11,  215,   39,   24
  215,20150507,    0,   -1,   -1,    4,  215,   -1,   38
  215,20150508,    8,    4,    3,   24,  215,    4,   27
  215,20150509,    1,    1,    1,    1,  215,    1,   24
  215,20150510,    0,    0,    0,    1,  215,    0,   36
  215,20150511,    0,    0,    0,    1,  215,    0,   38
  215,20150512,    0,    0,    0,    1,  215,    0,   34
  215,20150513,    0,    0,    0,    1,  215,    0,   41
  215,20150514,    0,    0,    0,    1,  215,    0,   36
  215,20150515,    0,    0,    0,    1,  215,    0,   30
  215,20150516,   38,   22,    6,    8,  215,   22,   16
  215,20150517,    0,    0,    0,    1,  215,    0,   38
  215,20150518,   43,   92,   48,   23,  215,   92,   10
  215,20150519,   11,   37,   19,    2,  215,   37,   29
  215,20150520,    0,    0,    0,    1,  215,    0,   35
  215,20150521,    0,    0,    0,    1,  215,    0,   43
  215,20150522,    0,    0,    0,    1,  215,    0,   29
  215,20150523,   11,    5,    3,    7,  215,    5,   27
  215,20150524,   16,    6,    5,   20,  215,    6,   42
  215,20150525,    0,   -1,   -1,    1,  215,   -1,   28
  215,20150526,    0,   -1,   -1,    2,  215,   -1,   38
  215,20150527,    0,    0,    0,    1,  215,    0,   38
  215,20150528,    0,   -1,   -1,    9,  215,   -1,   31
  215,20150529,   44,   95,   45,   21,  215,   95,   13
  215,20150530,    0,    0,    0,    1,  215,    0,   41
  215,20150531,   94,   86,   15,   17,  215,   86,   11
  215,20150601,    0,   -1,   -1,   20,  215,   -1,   34
  215,20150602,   39,   20,    7,    6,  215,   20,    6
  215,20150603,    0,    0,    0,    1,  215,    0,   38
  215,20150604,    0,    0,    0,    1,  215,    0,   49
  215,20150605,   24,   23,   16,   18,  215,   23,   38
  215,20150606,    0,    0,    0,    1,  215,    0,   49
  215,20150607,    0,    0,    0,    1,  215,    0,   47
  215,20150608,    0,    0,    0,    1,  215,    0,   37
  215,20150609,    0,    0,    0,    1,  215,    0,   22
  215,20150610,    0,    0,    0,    1,  215,    0,   44
  215,20150611,    0,    0,    0,    1,  215,    0,   52
  215,20150612,    0,    0,    0,    1,  215,    0,   44
  215,20150613,   11,    4,    3,    9,  215,    4,   19
  215,20150614,    0,    0,    0,    1,  215,    0,   19
  215,20150615,    0,    0,    0,    1,  215,    0,   47
  215,20150616,    0,    0,    0,    1,  215,    0,   34
  215,20150617,   16,    8,    3,   20,  215,    8,   38
  215,20150618,    7,    7,    7,    1,  215,    7,   36
  215,20150619,    1,    1,    1,    5,  215,    1,   22
  215,20150620,    9,   15,   15,   23,  215,   15,   33
  215,20150621,   18,   89,   69,    8,  215,   89,   14
  215,20150622,   29,   43,   15,   10,  215,   43,   21
  215,20150623,    7,   27,   26,    4,  215,   27,   15
  215,20150624,    0,    0,    0,    1,  215,    0,   43
  215,20150625,    0,    0,    0,    1,  215,    0,   46
  215,20150626,    0,   -1,   -1,   24,  215,   -1,   33
  215,20150627,    4,    4,    4,    4,  215,    4,   44
  215,20150628,    0,   -1,   -1,   10,  215,   -1,   26
  215,20150629,    0,    0,    0,    1,  215,    0,   46
  215,20150630,    0,    0,    0,    1,  215,    0,   54
  215,20150701,    0,    0,    0,    1,  215,    0,   56
  215,20150702,    2,    2,    2,   18,  215,    2,   43
  215,20150703,    0,    0,    0,    1,  215,    0,   51
  215,20150704,    0,    0,    0,    1,  215,    0,   49
  215,20150705,    5,   34,   34,   15,  215,   34,   34
  215,20150706,    0,    0,    0,    1,  215,    0,   45
  215,20150707,    1,    1,    1,   13,  215,    1,   32
  215,20150708,   27,   49,   32,   10,  215,   49,   25
  215,20150709,    1,    1,    1,   11,  215,    1,   37
  215,20150710,    0,    0,    0,    1,  215,    0,   48
  215,20150711,    0,    0,    0,    1,  215,    0,   45
  215,20150712,   13,   10,    6,    5,  215,   10,   19
  215,20150713,   59,   33,    7,   21,  215,   33,   16
  215,20150714,    6,    5,    4,    3,  215,    5,   22
  215,20150715,   52,   31,   12,    7,  215,   31,   16
  215,20150716,    4,    2,    2,   20,  215,    2,   47
  215,20150717,    4,   10,   10,   21,  215,   10,   45
  215,20150718,    0,   -1,   -1,   23,  215,   -1,   43
  215,20150719,   51,   94,   49,   10,  215,   94,   27
  215,20150720,    9,    3,    2,   15,  215,    3,   22
  215,20150721,    8,   18,   18,    1,  215,   18,   50
  215,20150722,    0,    0,    0,    1,  215,    0,   47
  215,20150723,    0,    0,    0,    1,  215,    0,   43
  215,20150724,    0,   -1,   -1,   12,  215,   -1,   24
  215,20150725,   67,  191,   59,    2,  215,  191,    9
  215,20150726,   56,   46,   16,   22,  215,   46,   25
  215,20150727,   45,   84,   25,    5,  215,   84,   23
  215,20150728,   36,  184,  126,   24,  215,  184,   21
  215,20150729,   11,   48,   40,    2,  215,   48,   32
  215,20150730,    7,   15,   13,   12,  215,   15,   30
  215,20150731,    0,    0,    0,    1,  215,    0,   29
  215,20150801,    0,    0,    0,    1,  215,    0,   37
  215,20150802,    0,    0,    0,    1,  215,    0,   41
  215,20150803,    0,   -1,   -1,   24,  215,   -1,   45
  215,20150804,   28,   36,   17,    4,  215,   36,   29
  215,20150805,    0,    0,    0,    1,  215,    0,   38
  215,20150806,    0,    0,    0,    1,  215,    0,   41
  215,20150807,    0,    0,    0,    1,  215,    0,   42
  215,20150808,    0,    0,    0,    1,  215,    0,   44
  215,20150809,    0,    0,    0,    1,  215,    0,   37
  215,20150810,    0,    0,    0,    1,  215,    0,   27
  215,20150811,    0,   -1,   -1,   16,  215,   -1,   24
  215,20150812,    0,   -1,   -1,   11,  215,   -1,   23
  215,20150813,   42,  248,  101,   20,  215,  248,   41
  215,20150814,   33,   26,   10,    4,  215,   26,   23
  215,20150815,   40,   86,   75,    1,  215,   86,   12
  215,20150816,   18,    9,    6,   23,  215,    9,   19
  215,20150817,  188,  200,   32,   23,  215,  200,    6
  215,20150818,   85,   65,   21,   20,  215,   65,    8
  215,20150819,   15,   11,    7,    2,  215,   11,   25
  215,20150820,    0,    0,    0,    1,  215,    0,   31
  215,20150821,    4,    1,    1,   13,  215,    1,   25
  215,20150822,    0,    0,    0,    1,  215,    0,   40
  215,20150823,   44,   76,   30,   21,  215,   76,   34
  215,20150824,   43,  199,   76,   20,  215,  199,   18
  215,20150825,   64,   60,   20,    1,  215,   60,   21
  215,20150826,   19,  187,  176,   19,  215,  187,   24
  215,20150827,   39,  125,   98,   13,  215,  125,    8
  215,20150828,    0,   -1,   -1,    7,  215,   -1,   31
  215,20150829,   10,   10,    5,   22,  215,   10,   31
  215,20150830,   13,   22,   19,   24,  215,   22,   32
  215,20150831,   59,  136,   44,   16,  215,  136,   13
  215,20150901,    4,    7,    4,    4,  215,    7,   22
  215,20150902,   18,   58,   45,    4,  215,   58,   25
  215,20150903,   25,   42,   20,    7,  215,   42,   17
  215,20150904,  113,  325,   50,   16,  215,  325,   10
  215,20150905,   29,   42,   12,    7,  215,   42,   17
  215,20150906,   16,   15,    7,   18,  215,   15,   19
  215,20150907,   26,   33,   14,    4,  215,   33,   22
  215,20150908,    0,   -1,   -1,    4,  215,   -1,   18
  215,20150909,    0,    0,    0,    1,  215,    0,   28
  215,20150910,    0,    0,    0,    1,  215,    0,   27
  215,20150911,    0,    0,    0,    1,  215,    0,   29
  215,20150912,    2,    2,    2,   21,  215,    2,   10
  215,20150913,   11,    5,    3,   17,  215,    5,   16
  215,20150914,   34,   44,   19,   11,  215,   44,   14
  215,20150915,   17,   55,   40,   17,  215,   55,   10
  215,20150916,   50,   56,   14,   10,  215,   56,    5
  215,20150917,   80,  119,   48,    9,  215,  119,    6
  215,20150918,   15,   31,   27,   19,  215,   31,   18
  215,20150919,   15,   27,   19,    8,  215,   27,   19
  215,20150920,    0,    0,    0,    1,  215,    0,   16
  215,20150921,   36,   23,   10,   20,  215,   23,   16
  215,20150922,   38,   60,    9,   16,  215,   60,   12
  215,20150923,   40,  103,   45,   10,  215,  103,   11
  215,20150924,   47,   56,   13,   14,  215,   56,    5
  215,20150925,    0,   -1,   -1,    1,  215,   -1,   16
  215,20150926,    0,    0,    0,    1,  215,    0,   16
  215,20150927,    0,    0,    0,    1,  215,    0,   20
  215,20150928,    0,    0,    0,    1,  215,    0,   16
  215,20150929,    0,    0,    0,    1,  215,    0,   22
  215,20150930,    0,    0,    0,    1,  215,    0,   22
  215,20151001,    0,    0,    0,    1,  215,    0,   22
  215,20151002,    0,    0,    0,    1,  215,    0,   21
  215,20151003,    0,    0,    0,    1,  215,    0,   16
  215,20151004,    0,    0,    0,    1,  215,    0,   14
  215,20151005,   35,    7,    2,   21,  215,    7,   10
  215,20151006,   46,   21,    8,    2,  215,   21,    7
  215,20151007,   13,   33,   14,   19,  215,   33,    6
  215,20151008,    0,   -1,   -1,    4,  215,   -1,   11
  215,20151009,    0,    0,    0,    1,  215,    0,   15
  215,20151010,    0,    0,    0,    1,  215,    0,   15
  215,20151011,    0,    0,    0,    1,  215,    0,   16
  215,20151012,    0,    0,    0,    1,  215,    0,   13
  215,20151013,    0,   -1,   -1,   24,  215,   -1,   10
  215,20151014,   40,   12,    4,   16,  215,   12,    3
  215,20151015,   84,   83,   18,   16,  215,   83,    2
  215,20151016,   87,   20,    4,   23,  215,   20,    3
  215,20151017,   43,   12,    6,    2,  215,   12,    3
  215,20151018,    4,    1,    1,   17,  215,    1,    6
  215,20151019,    0,   -1,   -1,   19,  215,   -1,    4
  215,20151020,   14,   31,   25,   22,  215,   31,    8
  215,20151021,   68,   24,    8,   15,  215,   24,    4
  215,20151022,   54,   20,    5,    7,  215,   20,    6
  215,20151023,    0,    0,    0,    1,  215,    0,    5
  215,20151024,    6,    2,    2,   24,  215,    2,    5
  215,20151025,   18,    5,    4,    1,  215,    5,   11
  215,20151026,    0,    0,    0,    1,  215,    0,   11
